40.55,-50.107,43.498,-0.0011597,-1.8579,0.040436,
39.992,-48.322,44.009,0.066101,-2.0078,0.29297,
34.155,-39.812,40.56,-0.87555,-2.0709,0.50812,
39.535,-48.679,44.967,-0.24469,-1.8793,0.062561,
39.383,-48.5,45.989,-0.45575,-1.8841,0.082397,
46.944,-51.892,43.562,0.056824,-1.4139,-0.075531,
33.8,-42.192,39.665,-0.59491,-2.3078,0.36697,
35.526,-46.001,41.773,-0.38501,-2.1138,0.18539,
35.627,-46.655,40.751,-0.099731,-2.2578,0.25787,
34.866,-31.48,38.005,-1.5099,-1.7746,1.1208,
39.484,-48.024,46.5,-0.37921,-1.9912,0.1091,
38.215,-47.548,45.158,-0.51257,-1.9305,0.10605,
33.191,-38.622,40.304,-0.99847,-2.234,0.58975,
39.687,-48.976,43.625,-0.028992,-1.9269,0.081635,
35.982,-45.525,43.306,-0.57404,-2.0543,0.20218,
37.556,-45.108,46.117,-0.17511,-2.3613,0.33112,
38.977,-47.786,39.41,-0.03363,-1.9864,0.23117,
32.988,-35.468,38.26,-1.2443,-1.9817,0.80948,
55.927,-46.953,46.883,-0.032471,-0.58081,0.43335,
33.597,-40.942,41.709,-0.80481,-2.1626,0.4364,
41.463,-48.738,48.16,-0.32123,-1.94,0.07782,
45.574,-50.523,45.031,0.041748,-1.5925,0.052643,
40.651,-48.441,46.18,-0.003479,-2.0281,0.17776,
38.165,-45.406,46.947,-0.40009,-2.2316,0.16708,
33.394,-41.954,43.625,-0.48242,-2.6696,0.41504,
37.606,-47.964,44.264,0.019714,-2.228,0.2594,
38.926,-46.06,45.478,0.011597,-2.1745,0.34485,
38.063,-46.834,46.5,-0.51721,-2.0352,0.17624,
45.067,-47.667,50.524,-0.24469,-1.7924,0.17395,
37.86,-46.239,45.989,-0.097412,-2.2852,0.37003,
35.373,-45.346,42.476,-0.21686,-2.5375,0.41122,
32.785,-34.337,39.474,-1.489,-2.5553,0.85678,
34.663,-42.371,40.943,-0.67261,-2.1626,0.36545,
37.353,-46.179,46.372,-0.097412,-2.3459,0.36469,
36.693,-46.715,43.306,-0.38385,-2.0555,0.13199,
39.535,-45.822,48.288,-0.053345,-2.1899,0.4715,
38.621,-48.917,45.606,-0.22498,-2.0697,0.103,
42.986,-50.166,46.372,-0.24469,-1.7579,-0.045776,
35.069,-45.287,39.665,-0.25629,-2.1638,0.24185,
34.967,-41.359,46.053,-0.74567,-2.4518,0.5043,
34.155,-42.728,45.669,-0.78162,-2.1638,0.32654,
40.854,-50.464,45.222,-0.21918,-1.8365,0.028992,
36.49,-45.882,44.839,-0.54968,-1.9543,0.20523,
38.977,-49.571,43.434,-0.14032,-1.9031,0.027466,
38.317,-48.322,37.494,0.026672,-1.8626,0.17166,
33.901,-43.561,40.879,-0.33051,-2.5327,0.46997,
50.903,-49.988,46.819,-0.4256,-1.2985,0.10071,
35.779,-45.882,43.498,-0.58331,-1.9769,0.177,
34.206,-44.096,42.731,-0.34094,-2.5625,0.39063,
34.815,-44.513,42.859,-0.64825,-2.153,0.3418,
49.38,-49.631,47.33,-0.098572,-1.2854,0.18997,
37.708,-47.191,43.753,0.011597,-2.2625,0.35858,
34.409,-35.349,40.049,-1.2211,-2.015,0.82169,
39.586,-48.679,44.009,-0.060303,-1.9376,0.1236,
37.15,-47.905,42.029,0.03363,-2.1447,0.24185,
39.129,-46.298,47.905,-0.17163,-2.1757,0.34103,
38.621,-48.083,42.987,-0.13568,-2.0043,0.1564,
33.039,-38.443,41.773,-0.95557,-2.2495,0.58212,
37.454,-46.715,45.606,-0.13916,-2.3363,0.2182,
34.46,-44.87,40.815,-0.17627,-2.4958,0.39215,
32.886,-33.147,40.368,-1.3336,-2.0376,0.86823,
42.783,-50.583,42.731,0.22382,-1.7412,0.075531,
39.078,-47.31,45.222,-0.18671,-2.0233,0.1503,
33.901,-42.252,40.56,-0.70508,-2.2875,0.43259,
33.039,-37.729,37.749,-1.0936,-1.8293,0.70801,
33.952,-43.68,40.751,-0.33862,-2.5506,0.44861,
38.875,-47.191,47.202,-0.24585,-2.0959,0.20752,
51.461,-51.237,43.051,0.10785,-1.0283,0.065613,
33.292,-32.195,39.09,-1.4044,-2.1733,0.82703,
38.368,-47.012,41.901,-0.37689,-1.7984,0.05188,
39.027,-44.81,49.566,-0.56128,-2.1804,0.27084,
45.168,-49.214,48.799,-0.29803,-1.765,0.039673,
33.14,-42.014,38.516,-0.56128,-2.3947,0.41504,
40.854,-50.047,46.053,0.057983,-1.9102,0.11444,
33.292,-37.491,41.773,-1.0286,-2.0662,0.65765,
36.541,-29.338,39.027,-1.7534,-1.9329,1.1948,
37.505,-46.953,42.603,0.045227,-2.2364,0.33569,
33.546,-33.563,42.476,-1.4345,-2.2744,0.97504,
37.759,-44.572,47.33,-0.099731,-2.334,0.60654,
34.104,-38.919,45.222,-0.77698,-2.6577,0.6424,
35.576,-38.622,48.799,-0.98572,-2.2435,0.64621,
33.597,-43.799,38.196,-0.62506,-2.1019,0.37842,
39.738,-47.25,46.628,0.023193,-2.1685,0.33798,
32.886,-36.539,40.176,-1.2223,-2.3244,0.80032,
41.717,-48.738,47.33,-0.47662,-1.8436,0.079346,
38.012,-48.679,42.731,-0.12524,-1.9959,0.092316,
34.155,-42.014,39.154,-0.43372,-2.5863,0.52109,
33.394,-37.907,38.579,-1.0379,-1.8555,0.6279,
35.881,-46.715,41.518,-0.54272,-1.8781,0.14038,
35.932,-46.477,44.2,-0.045227,-2.3697,0.29297,
33.698,-45.168,38.068,-0.74799,-1.965,0.4837,
38.266,-49.155,40.623,0.032471,-1.9412,0.17395,
35.627,-47.786,40.496,-0.30035,-2.0138,0.12436,
34.51,-43.263,41.901,-0.72595,-2.0043,0.29831,
32.836,-39.99,39.41,-0.91266,-2.328,0.58746,
34.358,-42.252,38.196,-0.57404,-2.1031,0.29297,
37.251,-46.536,44.584,-0.54736,-1.9495,0.1442,
36.287,-45.525,40.496,-0.23425,-2.3958,0.46005,
35.17,-45.703,40.687,-0.22845,-2.2959,0.34637,
49.533,-51.595,43.178,-0.23541,-1.2461,-0.04425,
35.83,-44.81,41.262,-0.5636,-1.8972,0.22812,
34.51,-43.382,39.538,-0.6355,-2.1554,0.38528,
33.597,-44.751,38.516,-0.3653,-2.3328,0.32425,
33.343,-38.503,42.603,-0.97064,-2.4661,0.61798,
33.952,-42.252,40.304,-0.73639,-1.946,0.36163,
34.003,-40.883,39.282,-0.66797,-2.4113,0.48447,
48.213,-49.69,47.586,-0.22614,-1.5139,0.059509,
34.612,-42.192,38.005,-0.58795,-2.0483,0.30823,
36.388,-46.953,43.242,-0.29688,-2.2364,0.14954,
34.815,-30.171,39.027,-1.8694,-2.2566,1.104,
37.809,-46.001,46.564,-0.33282,-2.2471,0.21667,
33.648,-42.609,43.498,-0.4314,-2.6922,0.62714,
32.633,-36.42,43.306,-1.2142,-2.8136,0.70648,
37.809,-47.548,43.689,0.006958,-2.234,0.33646,
32.937,-38.562,41.837,-1.024,-2.5696,0.72098,
33.8,-41.478,40.815,-0.65753,-2.5803,0.53406,
36.135,-46.001,44.2,-0.58911,-1.9781,0.17242,
38.215,-48.5,44.456,0.10785,-2.2506,0.2739,
41.057,-50.999,40.432,-0.27136,-1.5853,0.012207,
33.952,-33.444,38.196,-1.489,-2.1292,0.9552,
37.556,-47.548,43.817,-0.13452,-2.1959,0.17929,
36.997,-46.655,43.881,-0.31543,-2.109,0.10223,
47.249,-48.976,48.48,-0.45459,-1.6615,0.058746,
34.764,-46.596,41.454,-0.18091,-2.3542,0.2388,
36.794,-46.417,44.264,-0.15192,-2.3113,0.27008,
39.23,-47.369,45.542,-0.29456,-2.015,0.13199,
33.14,-34.932,42.348,-1.3672,-2.5006,0.86517,
36.135,-45.287,43.498,-0.18207,-2.3328,0.2449,
32.683,-39.455,38.324,-0.99152,-2.203,0.59814,
32.988,-41.478,37.302,-0.71552,-2.2495,0.48294,
33.089,-38.979,39.282,-0.89063,-2.4768,0.59891,
32.734,-34.872,38.068,-1.2965,-2.1828,0.84686,
34.054,-44.453,43.242,-0.48822,-2.3447,0.26245,
36.084,-46.239,45.222,-0.50677,-2.1281,0.20065,
40.854,-49.512,44.711,-0.024353,-1.8841,0.1442,
33.546,-42.311,37.685,-0.63782,-2.0674,0.31967,
35.779,-47.369,38.771,0,-2.259,0.36392,
45.574,-49.928,47.522,-0.19366,-1.6401,0.056458,
33.648,-41.24,42.923,-0.80481,-2.1388,0.42801,
45.98,-48.381,49.438,-0.44531,-1.7281,0.13275,
43.341,-50.464,44.967,-0.23425,-1.6698,-0.066376,
42.529,-45.644,50.715,-0.47083,-2.0543,0.177,
33.445,-38.8,41.901,-0.95673,-2.1899,0.5722,
37.556,-48.203,38.388,0.1438,-2.0531,0.25864,
60.038,-47.25,43.753,-0.50098,-0.63913,0.22659,
37.353,-46.596,43.753,-0.1983,-2.234,0.21973,
37.962,-47.964,44.967,-0.30151,-1.9793,0.09613,
36.896,-28.505,41.645,-1.9274,-2.1423,1.2497,
40.398,-25.887,37.494,-1.9204,-1.4377,1.5442,
41.362,-48.381,48.224,-0.090454,-2.0412,0.16098,
35.881,-47.369,36.919,-0.14844,-1.9352,0.22354,
40.448,-48.917,44.009,0.14728,-1.9721,0.22354,
38.571,-48.381,44.456,0.080017,-2.14,0.34485,
33.089,-38.383,42.22,-1.0182,-2.4732,0.6546,
44.661,-50.285,46.18,-0.15887,-1.6591,-0.077057,
36.794,-48.917,38.324,-0.36877,-1.7032,0.087738,
33.698,-42.371,37.685,-0.65173,-2.0471,0.33646,
35.475,-46.417,38.452,-0.39777,-1.9007,0.16174,
36.287,-46.715,44.52,-0.23657,-2.3137,0.24719,
35.83,-45.644,40.879,-0.55432,-1.8281,0.12741,
33.394,-37.788,38.579,-1.0611,-2.3149,0.66528,
36.845,-46.715,44.328,-0.41632,-2.0257,0.2594,
34.612,-43.799,43.498,-0.57751,-2.2506,0.3479,
40.296,-47.964,48.033,-0.30383,-2.0555,0.10147,
33.546,-41.002,41.071,-0.77814,-2.3066,0.47379,
38.824,-46.655,47.266,-0.25745,-2.1888,0.22964,
46.031,-50.523,46.755,-0.21222,-1.5806,0.030518,
33.039,-38.86,42.029,-0.98456,-2.2102,0.57297,
36.135,-43.918,46.053,-0.24121,-2.5541,0.4364,
35.475,-45.644,43.753,-0.36066,-2.3161,0.19913,
36.236,-46.417,41.582,-0.32007,-2.0388,0.13199,
37.911,-46.358,45.733,-0.51141,-2.0412,0.13275,
33.901,-38.979,42.22,-0.98688,-2.1042,0.58365,
36.693,-47.607,44.903,-0.29572,-2.1804,0.15793,
35.475,-44.334,44.839,-0.6842,-2.0923,0.29297,
33.292,-42.192,42.54,-0.61346,-2.6577,0.59052,
41.819,-49.988,43.37,0.3595,-1.8317,0.31815,
35.576,-46.417,39.346,-0.30731,-2.0519,0.23651,
33.191,-38.205,38.068,-1.0031,-1.9281,0.58289,
35.221,-45.108,42.667,-0.59607,-2.1019,0.25406,
34.054,-42.133,39.921,-0.79437,-2.0043,0.42038,
36.033,-44.453,43.434,-0.48126,-2.1352,0.18005,
33.648,-42.192,38.963,-0.56244,-2.5137,0.47684,
39.789,-48.322,47.649,-0.36298,-2.0328,0.098419,
42.529,-47.667,49.374,-0.10321,-1.9579,0.17166,
34.917,-41.776,46.5,-0.72943,-2.3923,0.48828,
34.206,-31.123,39.538,-1.6432,-2.3268,0.99869,
44.762,-49.809,47.011,0.12292,-1.7567,0.16327,
37.556,-46.893,45.414,-0.52301,-1.9662,0.11978,
33.495,-33.682,39.538,-1.634,-2.6006,0.87051,
40.093,-48.917,45.861,0.11249,-2.0281,0.14114,
32.886,-38.681,39.282,-0.95905,-2.0995,0.55466,
38.672,-49.393,42.348,0.15308,-2.0721,0.17166,
33.191,-41.537,37.877,-0.85468,-1.9674,0.51117,
35.627,-44.453,43.434,-0.17395,-2.5672,0.49896,
33.495,-33.444,39.41,-1.6931,-2.6422,0.83694,
40.601,-50.523,43.051,-0.21686,-1.752,-0.033569,
34.51,-44.989,41.582,-0.60651,-2.04,0.22354,
33.14,-35.944,42.54,-1.0449,-2.5863,0.59967,
32.886,-40.704,40.496,-0.88947,-2.1138,0.49744,
40.905,-49.869,44.456,-0.37805,-1.7293,0.018311,
34.663,-43.025,39.41,-0.43372,-2.3875,0.41122,
32.988,-34.694,42.603,-1.329,-2.2887,0.90408,
41.413,-50.94,39.474,-0.31079,-1.4413,-0.061798,
32.43,-36.836,40.623,-1.2119,-2.6077,0.74844,
37.606,-47.012,45.606,-0.010437,-2.3351,0.35706,
33.14,-37.372,42.156,-1.0507,-2.4458,0.63019,
36.338,-46.179,41.837,-0.075378,-2.278,0.29678,
35.272,-46.06,42.348,-0.39197,-2.1995,0.24185,
55.166,-45.822,48.224,-0.61926,-1.189,0.32959,
37.15,-49.988,40.24,-0.19714,-1.8722,0.022888,
36.947,-47.369,40.304,-0.051025,-2.1411,0.31281,
34.003,-41.478,38.388,-0.58795,-2.2292,0.39673,
40.296,-49.393,45.35,0.089294,-1.9924,0.13733,
44.356,-49.809,45.286,-0.051025,-1.6746,0.022125,
33.191,-37.134,38.963,-1.1168,-2.397,0.67368,
35.323,-45.465,38.516,-0.20874,-2.2875,0.38834,
34.003,-41.895,43.689,-0.54968,-2.6755,0.65994,
51.106,-48.381,48.097,-0.43372,-1.4746,0.1564,
37.2,-45.168,46.372,-0.27484,-2.3935,0.25787,
34.815,-42.014,42.987,-0.48242,-2.5958,0.49744,
38.418,-48.322,43.242,-0.25281,-1.9912,0.093079,
35.678,-43.442,44.839,-0.6958,-2.0935,0.28229,
41.057,-49.274,46.308,-0.17047,-1.9233,0.05188,
34.104,-40.704,41.709,-0.85004,-2.1364,0.47684,
35.323,-43.382,41.901,-0.65289,-1.965,0.22125,
43.189,-49.095,45.414,0.17163,-1.7555,0.23727,
33.292,-40.347,38.132,-0.87207,-1.8722,0.44327,
54.811,-49.809,44.264,-0.0023193,-0.78552,0.1442,
36.338,-46.239,42.092,-0.32355,-2.1066,0.19226,
34.967,-44.751,43.242,-0.28644,-2.5137,0.35553,
41.26,-48.976,47.075,-0.29456,-1.9138,0.099182,
39.18,-47.607,46.117,-0.057983,-2.1673,0.23117,
32.785,-34.337,41.262,-1.4125,-2.7672,0.75455,
47.858,-51.416,41.965,0.33167,-1.2426,0.13046,
35.323,-47.667,38.707,0.016235,-2.1864,0.30899,
33.394,-35.527,40.24,-1.3336,-2.3256,0.90485,
48.162,-45.763,52.248,-0.61346,-1.7531,0.24872,
34.51,-43.918,43.114,-0.40472,-2.5613,0.41656,
36.947,-45.406,43.498,-0.040588,-2.2756,0.41962,
45.422,-50.642,46.436,-0.20178,-1.621,0.0015259,
35.932,-46.596,43.881,-0.55432,-2.0019,0.15717,
35.221,-43.382,45.669,-0.24933,-2.6601,0.45166,
32.836,-37.015,38.643,-1.1144,-2.2054,0.68817,
37.556,-27.077,38.771,-1.9088,-1.8103,1.3428,
36.896,-46.893,43.945,-0.24005,-2.1566,0.10986,
36.541,-47.548,39.729,-0.03363,-2.1435,0.19531,
36.693,-46.358,45.158,-0.34326,-2.284,0.23727,
52.882,-50.464,45.35,-0.22614,-1.1378,-0.035095,
33.749,-44.394,39.027,-0.42444,-2.3078,0.31052,
38.672,-48.917,44.711,0.06958,-2.1459,0.29144,
37.302,-47.369,42.284,-0.1264,-2.0983,0.18234,
35.881,-47.488,37.11,-0.36066,-1.7972,0.20905,
42.275,-50.821,45.031,-0.18787,-1.7151,-0.052643,
36.693,-47.548,39.027,0.056824,-2.1566,0.2655,
40.651,-48.024,47.075,-0.51953,-1.8722,0.11673,
34.104,-43.323,39.538,-0.41748,-2.4315,0.4364,
33.698,-42.49,37.557,-0.57867,-2.1245,0.37384,
39.839,-47.072,46.819,-0.20062,-2.0888,0.14496,
32.48,-38.741,38.068,-0.79437,-2.691,0.60577,
36.185,-46.417,41.582,-0.026672,-2.3982,0.42725,
33.597,-38.264,39.282,-1.0402,-2.1031,0.6218,
33.191,-39.99,40.432,-0.82336,-2.6636,0.60577,
32.836,-38.562,40.56,-1.0449,-2.1519,0.62256,
35.17,-43.204,38.516,-0.53809,-2.0233,0.29449,
33.749,-34.039,42.348,-1.4102,-2.3589,0.94757,
37.759,-46.893,42.476,-0.32355,-1.9424,0.15564,
47.909,-49.155,48.033,-0.46503,-1.5948,0.09079,
35.424,-45.168,40.943,-0.45343,-2.1281,0.25253,
33.8,-43.977,41.262,-0.37109,-2.691,0.45776,
38.977,-47.786,45.989,-0.062622,-2.1221,0.24414,
43.24,-49.095,47.394,0.12292,-1.765,0.23117,
41.565,-48.143,48.352,-0.26672,-2.0043,0.067139,
33.14,-35.587,38.196,-1.3127,-2.0257,0.85678,
37.962,-45.822,39.41,-0.19135,-2.1638,0.24567,
38.723,-47.726,47.011,-0.24817,-2.1138,0.11673,
40.956,-48.917,46.117,-0.19946,-1.9317,0.11215,
35.678,-46.239,39.154,-0.22961,-2.1459,0.18082,
33.749,-42.192,37.813,-0.55432,-2.3244,0.40207,
38.012,-47.31,45.989,-0.12872,-2.2185,0.18158,
36.997,-44.572,46.628,-0.12408,-2.4054,0.5188,
34.967,-44.93,39.282,-0.37805,-2.1542,0.28229,
40.144,-49.095,45.861,-0.43256,-1.8174,0.056458,
37.15,-44.453,46.819,-0.14496,-2.4423,0.60501,
32.328,-39.574,39.346,-0.76654,-2.6767,0.57526,
37.911,-46.12,47.138,-0.52765,-2.0614,0.17166,
40.347,-45.644,49.438,-0.31775,-2.1602,0.1915,
39.281,-48.56,44.584,-0.10089,-2.0233,0.10986,
36.439,-46.001,44.584,0.049866,-2.4946,0.42572,
36.135,-46.953,43.37,-0.3595,-2.153,0.177,
34.206,-42.252,41.773,-0.49402,-2.5839,0.47607,
32.683,-40.645,40.879,-0.75146,-2.4458,0.49438,
33.343,-34.456,38.068,-1.4983,-2.3566,0.94452,
46.285,-49.214,49.182,-0.34326,-1.6817,0.051117,
38.977,-48.143,42.731,-0.39197,-1.7662,-0.026703,
34.46,-42.014,39.218,-0.48242,-2.3792,0.354,
35.323,-46.893,40.623,-0.051025,-2.3708,0.29907,
33.191,-34.932,39.665,-1.3928,-2.4423,0.87891,
34.764,-44.275,38.643,-0.52997,-1.9067,0.23575,
34.257,-44.156,39.027,-0.59143,-1.99,0.27466,
38.317,-47.845,44.52,-0.0046387,-2.253,0.33417,
40.55,-47.369,47.586,-0.066101,-2.0828,0.24033,
34.104,-40.347,39.09,-0.69928,-2.3102,0.4425,
39.789,-48.798,46.308,-0.12756,-2.0519,0.041199,
34.054,-43.263,42.54,-0.44067,-2.4994,0.45242,
36.49,-44.037,46.372,-0.44647,-2.3506,0.28152,
32.836,-37.074,38.132,-1.14,-2.1983,0.67749,
38.621,-46.715,45.861,-0.11481,-2.2114,0.2037,
35.881,-46.12,42.667,-0.42212,-2.1685,0.22659,
38.012,-46.774,46.691,-0.38269,-2.1304,0.12665,
32.886,-33.801,39.729,-1.4693,-2.3899,0.96359,
37.15,-47.012,44.775,-0.33862,-2.1423,0.18387,
33.901,-44.572,38.388,-0.67725,-1.9245,0.35858,
38.012,-47.905,42.923,0.11945,-2.2054,0.37308,
35.779,-45.406,44.073,-0.43024,-2.2304,0.23499,
35.83,-46.06,41.518,-0.53693,-1.8745,0.19379,
33.242,-40.526,39.154,-0.71436,-2.5244,0.51804,
31.973,-38.324,40.943,-0.95905,-2.6589,0.59204,
37.86,-46.417,46.5,-0.50909,-2.0078,0.14114,
32.988,-35.765,43.434,-1.1434,-2.065,0.73395,
38.418,-47.786,45.733,-0.49982,-1.8591,0.14038,
40.956,-49.69,43.753,0.073059,-1.8115,0.13809,
33.749,-42.014,39.346,-0.81641,-1.9091,0.44708,
38.52,-46.953,47.586,-0.012756,-2.2923,0.31967,
32.531,-38.622,37.749,-0.96948,-2.5256,0.61646,
37.048,-46.477,43.114,0.098572,-2.3744,0.55618,
35.83,-44.93,44.264,-0.25397,-2.422,0.36011,
35.678,-44.691,43.562,-0.53693,-2.2114,0.30136,
35.12,-46.001,42.22,-0.60187,-1.959,0.23346,
33.039,-34.634,41.837,-1.3754,-2.6446,0.82245,
39.129,-47.905,44.647,0.15771,-2.1649,0.40894,
40.702,-48.679,45.031,0.28296,-1.9852,0.44937,
43.595,-50.821,43.945,0.2157,-1.6591,0.1297,
37.657,-46.12,44.584,-0.057983,-2.2459,0.39444,
38.469,-47.429,43.753,-0.24933,-1.9686,0.13275,
45.117,-51.654,41.901,-0.15771,-1.4187,-0.086975,
44.813,-50.404,42.987,0.36066,-1.5591,0.29526,
39.383,-46.477,47.905,-0.21802,-2.2161,0.2533,
35.475,-45.465,39.154,-0.18671,-2.1876,0.29755,
34.054,-42.43,41.007,-0.76538,-1.9709,0.34256,
35.069,-44.215,41.518,-0.19482,-2.4887,0.42496,
36.591,-45.882,41.901,-0.22729,-2.3268,0.30823,
35.627,-42.49,40.432,-0.34674,-2.478,0.41885,
36.794,-48.798,41.773,-0.41516,-1.8472,0.058746,
34.917,-43.68,42.092,-0.51025,-2.1971,0.27542,
32.937,-34.634,43.306,-1.3638,-2.4899,0.88043,
34.46,-42.014,38.196,-0.54041,-2.1852,0.34409,
38.215,-47.488,45.031,-0.052185,-2.1649,0.20599,
46.183,-50.583,44.52,0.46503,-1.5377,0.23346,
35.12,-46.12,44.2,-0.52649,-2.0923,0.17319,
35.779,-44.93,45.478,-0.57404,-2.159,0.23804,
34.714,-43.085,39.09,-0.49054,-2.4732,0.48676,
35.627,-45.108,44.009,-0.56824,-2.0674,0.26627,
39.687,-48.5,46.883,-0.26093,-1.9745,0.103,
32.531,-40.109,38.516,-0.84076,-2.5208,0.57144,
37.048,-48.083,41.837,-0.41284,-1.8674,0.045013,
36.185,-45.049,40.176,-0.55432,-1.8484,0.17014,
33.648,-34.872,39.921,-1.2571,-2.522,0.73624,
34.561,-44.989,40.496,-0.25861,-2.3899,0.37689,
33.901,-44.334,41.071,-0.73059,-1.9388,0.31433,
40.499,-48.857,45.989,-0.16815,-1.9817,0.086212,
37.403,-48.262,44.009,-0.31079,-2.0578,0.088501,
35.272,-44.096,42.731,-0.38037,-2.4042,0.28839,
40.804,-48.798,45.158,0.26904,-2.0483,0.4158,
34.054,-41.478,39.218,-0.56244,-2.3839,0.40054,
36.541,-46.536,45.095,-0.45575,-2.1542,0.20142,
38.063,-45.346,46.947,-0.30731,-2.2697,0.18158,
34.054,-38.8,47.394,-0.81061,-2.785,0.59967,
49.431,-50.464,44.456,0.29108,-1.1569,0.22049,
37.251,-47.726,43.817,-0.30847,-2.0959,0.12817,
38.926,-47.429,45.606,0.0057983,-2.1602,0.18768,
47.756,-51.773,44.647,-0.15424,-1.3973,-0.052643,
37.505,-31.183,49.693,-1.4229,-2.2542,1.123,
32.937,-35.468,41.582,-1.3104,-2.5803,0.80032,
33.749,-37.55,41.901,-1.0599,-2.0959,0.75073,
35.221,-45.525,39.282,-0.41632,-1.99,0.23117,
32.074,-37.848,41.454,-1.017,-2.6862,0.64468,
52.426,-50.523,44.073,-0.18439,-1.0688,-0.021362,
34.155,-37.848,47.905,-0.96252,-2.5803,0.60196,
49.482,-51.297,42.029,0.6123,-1.0962,0.38071,
35.373,-44.275,43.562,-0.48358,-2.4042,0.3212,
39.535,-49.333,41.454,0.091614,-1.9793,0.12054,
32.734,-38.622,41.071,-0.91846,-2.5851,0.64011,
34.612,-42.966,42.859,-0.54504,-2.4161,0.3891,
35.221,-43.382,42.603,-0.3653,-2.4411,0.32349,
50.192,-50.047,45.286,0.43024,-0.89383,0.70877,
43.087,-51.237,38.579,-0.27136,-1.3616,-0.048828,
33.292,-42.43,39.218,-0.58679,-2.4446,0.48523,
47.249,-48.5,49.119,-0.016235,-1.6282,0.16632,
33.851,-42.49,38.516,-0.57288,-2.3399,0.43716,
36.693,-43.977,47.522,-0.55548,-2.3363,0.33646,
43.595,-49.036,48.033,-0.35602,-1.7758,-0.06485,
36.287,-45.465,45.158,-0.61346,-2.0293,0.21667,
33.597,-36.777,40.496,-1.1492,-2.0507,0.7576,
45.726,-47.012,51.226,-0.19714,-1.8281,0.22659,
41.108,-49.571,45.222,-0.3653,-1.7722,0.025177,
34.307,-43.025,38.771,-0.59027,-2.0221,0.2739,
33.14,-39.217,38.579,-0.75262,-2.6267,0.55466,
45.168,-48.619,48.863,-0.17279,-1.6794,0.13657,
35.982,-45.644,39.154,-0.27136,-2.0816,0.26627,
35.221,-42.668,40.24,-0.49054,-2.1959,0.27084,
36.642,-45.882,44.136,-0.13684,-2.3589,0.43259,
35.576,-44.93,44.647,-0.52069,-2.2126,0.26703,
32.988,-41.656,41.326,-0.83148,-2.0614,0.45929,
44.305,-48.262,48.16,-0.025513,-1.7246,0.2533,
40.398,-50.404,42.029,-0.0011597,-1.721,0.11139,
57.602,-48.56,41.773,-0.46271,-0.73196,0.19989,
34.206,-44.751,40.176,-0.34442,-2.2863,0.24567,
37.048,-48.381,42.859,-0.32007,-1.9602,0.048065,
34.054,-44.632,40.496,-0.37341,-2.422,0.3891,
37.962,-48.322,42.859,0.16815,-2.1757,0.32425,
42.377,-49.869,44.264,-0.37921,-1.6627,0.019073,
36.033,-47.726,37.302,-0.090454,-1.984,0.27542,
34.003,-42.728,43.051,-0.42676,-2.6482,0.55847,
33.394,-37.491,39.09,-1.0124,-2.0769,0.59662,
33.597,-37.907,38.835,-1.0367,-1.9733,0.62256,
32.836,-37.431,41.198,-1.1597,-2.1126,0.77057,
33.597,-34.039,39.538,-1.4194,-2.1578,0.94452,
39.027,-47.488,47.394,-0.091614,-2.1566,0.21591,
43.95,-49.928,42.859,0.33978,-1.6555,0.30441,
32.785,-38.979,41.645,-0.90918,-2.5708,0.6424,
32.836,-42.014,38.643,-0.57172,-2.4934,0.44861,
38.723,-47.905,45.606,-0.11017,-2.1221,0.15335,
55.471,-50.583,39.218,0.13336,-0.49393,0.17471,
36.591,-46.893,40.304,-0.24933,-1.9876,0.14954,
34.764,-46.536,37.621,-0.22729,-2.1185,0.26321,
33.952,-46.239,39.41,-0.24469,-2.3125,0.29526,
36.591,-46.417,42.092,-0.19019,-2.1733,0.13962,
56.283,-49.155,36.663,-0.46387,-0.6058,0.17242,
40.398,-49.452,43.881,0.054504,-1.9364,0.10452,
33.14,-39.871,38.324,-0.88135,-2.2292,0.54626,
41.869,-49.036,47.075,0.26672,-1.8876,0.48523,
36.388,-28.505,39.729,-1.6177,-1.7639,1.2779,
34.46,-43.739,38.899,-0.3595,-2.3209,0.35248,
33.546,-43.561,41.134,-0.47546,-2.4744,0.40054,
34.561,-45.049,40.943,-0.51141,-2.1245,0.26169,
48.213,-50.999,46.436,0.10553,-1.3794,0.12207,
37.911,-46.477,44.647,-0.48126,-2.0233,0.11597,
36.947,-48.976,42.731,-0.24701,-1.8841,0.037384,
35.729,-46.536,39.857,-0.20062,-2.1899,0.28763,
35.17,-43.62,41.773,-0.6355,-1.9531,0.21744,
37.302,-46.12,46.691,0.046387,-2.4768,0.37537,
38.063,-49.274,42.476,0.07074,-2.0757,0.12131,
38.317,-48.024,42.156,-0.4198,-1.7746,0.12283,
35.018,-45.168,43.306,-0.24469,-2.6029,0.44327,
41.819,-48.857,45.35,0.14032,-1.8448,0.30136,
36.794,-46.536,37.494,-0.33978,-1.8495,0.23041,
34.663,-32.73,39.41,-1.5157,-2.1019,1.0849,
49.177,-50.285,48.224,-0.25745,-1.4877,-0.0030518,
33.952,-40.288,38.771,-0.72943,-2.5137,0.55161,
33.495,-40.764,41.518,-0.84192,-2.2495,0.48218,
35.83,-46.12,43.114,-0.17511,-2.2947,0.27008,
33.242,-35.349,39.09,-1.2838,-2.4827,0.77057,
33.597,-39.276,39.346,-0.88831,-2.1519,0.47913,
37.556,-46.417,44.264,-0.24469,-2.1816,0.28534,
35.12,-43.323,38.579,-0.37457,-2.2506,0.33493,
34.104,-31.659,38.452,-1.6954,-2.184,1.062,
35.373,-44.394,42.156,-0.60419,-2.0019,0.2037,
34.104,-42.49,44.456,-0.6239,-2.4315,0.40283,
37.708,-48.143,39.985,-0.089294,-1.9424,0.13275,
36.388,-44.096,46.564,-0.24585,-2.5089,0.44708,
39.636,-50.107,44.647,0.093933,-2.0067,0.031281,
33.749,-41.359,43.945,-0.86047,-2.1507,0.45242,
35.881,-45.644,39.282,-0.41864,-1.9341,0.21362,
35.627,-46.893,42.859,-0.50214,-1.9757,0.14114,
46.386,-49.036,47.969,-0.16815,-1.6579,0.080109,
36.896,-45.287,44.52,-0.60419,-2.0055,0.19455,
34.967,-42.906,42.603,-0.48474,-2.5065,0.43259,
32.785,-35.944,42.092,-1.3069,-2.6053,0.81329,
39.027,-49.155,42.923,0.0092773,-1.9709,0.12283,
56.689,-45.287,47.458,-0.67725,-1.0283,0.35934,
33.901,-44.93,39.601,-0.65521,-1.9055,0.26169,
36.794,-49.095,42.22,-0.17047,-2.0293,0.097656,
35.932,-46.536,39.154,-0.090454,-2.1685,0.24033,
33.648,-43.62,40.368,-0.5752,-2.2649,0.35019,
41.26,-48.262,46.372,-0.36877,-1.8686,0.06485,
38.266,-48.203,45.478,-0.13452,-2.1459,0.11444,
58.008,-47.786,37.047,0.15424,-0.074982,0.84839,
32.785,-37.253,41.198,-1.0228,-2.3328,0.65689,
40.245,-25.589,37.941,-1.852,-1.4842,1.432,
32.582,-39.395,38.579,-0.8999,-2.5553,0.61264,
33.14,-42.728,38.899,-0.54968,-2.3232,0.383,
33.648,-41.418,40.368,-0.62622,-2.4494,0.46921,
50.192,-51.535,43.753,-0.027832,-1.1711,-0.071716,
56.08,-47.369,46.308,-0.56592,-1.0783,0.21515,
45.117,-48.857,48.16,-0.47894,-1.7258,0.10757,
36.541,-46.239,44.009,-0.44763,-2.0566,0.16861,
44.61,-51.416,41.39,0.63202,-1.4913,0.54245,
33.445,-37.074,38.963,-1.1202,-1.9567,0.69656,
36.287,-32.611,48.991,-1.6061,-2.522,0.84915,
36.185,-28.624,39.729,-1.8543,-1.9864,1.281,
34.358,-46.001,41.198,-0.53809,-2.0281,0.20447,
35.576,-44.037,44.136,-0.37341,-2.4649,0.34714,
35.779,-43.382,45.222,-0.67725,-2.1102,0.29755,
36.947,-47.012,44.584,-0.27716,-2.1876,0.17624,
35.526,-47.548,41.326,-0.099731,-2.228,0.21133,
35.221,-30.112,39.41,-2.0004,-2.2994,1.0666,
38.977,-47.786,44.775,-0.28412,-1.9852,0.070953,
36.896,-48.619,42.284,-0.42212,-1.8674,0.085449,
34.917,-45.882,37.941,-0.092773,-2.3816,0.38147,
40.296,-49.452,43.625,-0.07074,-1.8876,0.099182,
37.15,-47.131,41.582,-0.13684,-2.1054,0.18616,
33.648,-33.147,41.071,-1.4902,-2.3625,0.9964,
33.597,-42.371,39.218,-0.57056,-2.4708,0.51422,
35.83,-41.835,46.372,-0.52533,-2.5506,0.48676,
38.063,-49.809,40.176,0.14612,-1.99,0.23727,
42.834,-50.166,39.793,-0.067261,-1.5115,-0.039673,
34.967,-43.68,40.623,-0.24933,-2.503,0.42725,
35.576,-45.941,37.366,-0.21106,-2.0614,0.20447,
37.911,-47.607,46.372,-0.40588,-2.0888,0.11444,
36.388,-44.096,43.242,-0.27368,-2.5101,0.41122,
35.018,-43.739,40.496,-0.45691,-2.2102,0.30365,
41.007,-48.083,47.586,-0.44299,-1.8817,0.062561,
42.174,-50.642,42.603,-0.078857,-1.7067,-0.068665,
32.633,-37.372,44.456,-1.0008,-2.8695,0.66681,
36.997,-47.667,44.136,-0.36761,-2.0305,0.08316,
33.343,-41.478,38.835,-0.80249,-2.234,0.50125,
36.997,-49.155,41.198,-0.25397,-1.8853,0.056458,
43.595,-49.333,46.628,-0.23889,-1.7555,0.023651,
34.663,-42.668,44.775,-0.64362,-2.3506,0.45776,
39.18,-48.203,45.669,0.0081177,-2.0923,0.24414,
41.768,-49.155,46.436,0.19482,-1.8781,0.30441,
43.595,-49.333,46.436,0.07074,-1.7781,0.13809,
39.839,-48.381,47.075,-0.26208,-1.9983,0.10452,
53.035,-50.761,36.28,-0.35602,-0.72125,0.062561,
33.851,-45.049,40.112,-0.66101,-1.9007,0.29526,
34.206,-45.287,42.795,-0.59143,-2.1757,0.29449,
34.663,-42.728,39.027,-0.52301,-2.1685,0.31662,
35.576,-46.417,41.262,-0.4198,-2.04,0.19302,
32.683,-36.539,40.432,-1.0994,-1.9674,0.82779,
33.952,-33.682,39.921,-1.3777,-2.04,0.96588,
33.445,-41.895,42.923,-0.75378,-2.1519,0.31891,
35.576,-44.394,44.2,-0.21454,-2.4994,0.30518,
33.089,-38.681,41.582,-0.92078,-2.3744,0.55389,
33.749,-40.466,40.687,-0.65289,-2.6303,0.51498,
39.433,-50.761,43.817,0.074219,-1.9448,0.035095,
35.881,-45.049,41.262,-0.10437,-2.353,0.48523,
37.2,-27.969,38.707,-2.2776,-2.1054,1.1742,
50.446,-48.917,49.119,-0.37689,-1.5008,0.045776,
39.332,-47.786,44.839,0.054504,-2.1161,0.24948,
34.663,-32.849,45.797,-1.3661,-2.14,0.99106,
34.764,-43.263,45.542,-0.37457,-2.5803,0.47607,
37.809,-46.179,46.564,-0.027832,-2.2887,0.57983,
42.275,-49.214,45.989,0.19714,-1.8008,0.33646,
39.738,-48.083,45.797,-0.22034,-1.9793,0.1358,
36.947,-46.596,42.987,-0.37573,-2.0352,0.086975,
39.89,-47.191,46.691,-0.20526,-2.1078,0.16251,
37.454,-45.703,46.819,-0.58215,-2.0923,0.16861,
33.039,-33.444,39.665,-1.6606,-2.7446,0.84152,
36.997,-28.445,38.579,-1.99,-1.9412,1.2993,
34.612,-45.108,42.348,-0.51605,-2.2852,0.32043,
34.663,-40.942,45.35,-0.88367,-2.1507,0.51346,
33.191,-35.587,39.601,-1.3185,-2.5553,0.80948,
33.292,-36.301,41.007,-1.2756,-2.3232,0.84152,
33.343,-41.835,40.623,-0.62274,-2.572,0.46768,
36.084,-45.763,42.987,-0.56476,-1.9686,0.15182,
34.307,-41.776,45.606,-0.63086,-2.5541,0.44708,
45.98,-50.107,44.584,0.37109,-1.5211,0.25253,
38.723,-47.607,44.967,0.048706,-2.178,0.31052,
36.185,-47.726,39.474,-0.081177,-2.1185,0.16556,
38.165,-49.631,38.068,0.017395,-1.7555,0.11292,
36.591,-46.774,44.136,-0.025513,-2.3804,0.3685,
43.29,-49.75,45.925,-0.073059,-1.765,0.02594,
49.025,-50.999,43.242,0.48938,-1.1592,0.31662,
48.771,-51.059,44.711,-0.30615,-1.339,-0.018311,
45.879,-49.155,46.436,0.39197,-1.4806,0.62332,
35.17,-45.763,41.198,-0.49518,-1.9341,0.13275,
42.935,-46.834,50.715,-0.57288,-1.9579,0.1709,
38.672,-48.857,43.114,-0.37921,-1.7698,0.078583,
34.967,-43.323,39.41,-0.3421,-2.353,0.34943,
36.642,-47.31,38.835,-0.003479,-2.1388,0.30594,
37.048,-43.858,47.266,-0.54041,-2.284,0.27084,
38.266,-49.393,42.092,0.15308,-2.1042,0.16708,
32.937,-35.17,38.707,-1.2896,-2.1697,0.83466,
44.102,-48.679,48.671,-0.35602,-1.8317,0.10986,
37.251,-45.525,46.691,-0.24469,-2.3518,0.15106,
41.819,-49.452,37.494,0.20642,-1.6508,0.1236,
34.206,-40.407,41.134,-0.82568,-2.0197,0.43259,
37.911,-48.024,44.328,0.019714,-2.2245,0.2655,
42.783,-49.452,45.733,0.22961,-1.8674,0.1976,
34.663,-45.525,39.793,-0.5636,-1.9376,0.23956,
38.774,-47.131,45.669,-0.15424,-2.1745,0.15869,
36.541,-46.179,45.286,-0.045227,-2.4601,0.37308,
37.809,-45.882,47.905,-0.14148,-2.3685,0.29907,
34.561,-44.096,39.154,-0.53461,-2.0435,0.25864,
34.104,-33.266,44.52,-1.3127,-2.065,0.91095,
49.076,-51.357,42.667,-0.23425,-1.2747,0.041962,
35.729,-30.171,42.092,-1.9738,-2.403,0.94986,
35.17,-46.239,37.685,-0.21222,-2.134,0.26093,
49.38,-48.441,49.502,-0.46851,-1.5377,0.10681,
53.644,-49.571,45.286,0.23193,-0.79028,0.35172,
32.734,-37.55,39.41,-1.1318,-2.5232,0.71564,
36.997,-46.417,45.095,-0.59723,-1.9257,0.14191,
34.46,-45.822,39.09,-0.36646,-2.1221,0.21591,
33.749,-37.967,38.643,-1.0193,-1.9126,0.64163,
35.272,-42.728,46.436,-0.77698,-2.1661,0.30975,
33.952,-44.453,38.005,-0.40704,-2.2411,0.30365,
37.251,-47.131,42.22,0.012756,-2.2173,0.25635,
35.069,-44.632,40.623,-0.31195,-2.372,0.37003,
42.326,-49.69,44.456,0.096252,-1.8412,0.051117,
33.952,-42.133,39.474,-0.5462,-2.6041,0.53101,
33.292,-37.788,41.326,-0.97876,-2.4922,0.60272,
40.702,-49.036,46.117,-0.06842,-1.9709,0.12894,
32.785,-40.585,37.621,-0.8999,-2.3363,0.6012,
42.681,-49.214,45.989,-0.38269,-1.8008,0.020599,
38.926,-49.452,41.134,0.18207,-2.0138,0.29373,
41.159,-49.869,43.178,0.32123,-1.8805,0.27237,
36.896,-47.31,40.049,-0.18903,-1.9995,0.16632,
45.523,-48.857,48.544,-0.46155,-1.7317,0.074005,
48.315,-50.166,45.669,0.48938,-1.145,0.63553,
44.153,-49.452,48.224,-0.43372,-1.7484,0.033569,
35.221,-44.572,41.965,-0.63202,-1.959,0.30136,
35.881,-45.346,38.707,-0.07074,-2.2959,0.41199,
33.14,-38.205,39.538,-1.0298,-2.1709,0.59891,
33.089,-40.228,38.068,-0.84076,-2.0138,0.50888,
38.571,-47.964,44.073,0.17743,-2.2197,0.3952,
39.332,-48.738,43.625,-0.22845,-1.9221,0.045776,
41.514,-48.262,47.202,-0.47083,-1.8055,0.086975,
32.836,-38.741,41.645,-0.99615,-2.5732,0.71259,
39.129,-48.56,44.584,-0.21686,-1.9852,0.047302,
33.546,-36.598,39.09,-1.1759,-2.4161,0.72098,
36.845,-46.655,43.242,-0.2099,-2.1709,0.18616,
39.383,-47.964,46.18,-0.4082,-1.9757,0.13504,
32.937,-40.109,42.156,-0.67145,-2.7481,0.48904,
35.729,-44.037,42.667,-0.63898,-1.9733,0.26321,
39.129,-48.203,43.817,-0.10785,-1.99,0.09079,
38.317,-47.845,43.498,-0.071899,-2.1019,0.18845,
33.495,-35.229,38.579,-1.3093,-1.9317,0.89417,
32.836,-37.253,41.454,-1.0217,-2.497,0.70724,
37.353,-44.87,45.478,-0.25861,-2.3685,0.22736,
37.454,-46.715,44.136,-0.16003,-2.2518,0.23346,
34.46,-43.918,37.813,-0.45691,-2.0305,0.23727,
47.553,-50.821,43.178,0.30847,-1.3271,0.14877,
41.92,-48.857,46.5,-0.19135,-1.8638,0.042725,
34.104,-42.252,43.242,-0.80713,-2.015,0.35248,
41.362,-50.464,41.645,0.16235,-1.752,0.17624,
39.586,-49.512,43.242,-0.29108,-1.7853,0.032043,
33.292,-34.634,41.901,-1.3417,-2.735,0.7309,
44.001,-49.631,46.628,-0.26208,-1.7686,0.0099182,
40.905,-50.107,45.669,-0.29572,-1.8769,0.0099182,
41.971,-48.679,47.266,-0.46039,-1.8079,0.080872,
34.104,-39.395,40.815,-0.94745,-2.0626,0.55313,
39.281,-49.69,44.136,0.060303,-1.9388,0.23117,
34.815,-45.227,38.963,-0.41168,-2.0007,0.2388,
35.221,-46.179,42.54,-0.50677,-2.0055,0.11902,
50.142,-49.69,47.586,-0.36877,-1.3485,0.029755,
33.445,-40.109,42.284,-0.78046,-2.2804,0.47226,
34.358,-43.68,40.496,-0.46039,-2.3399,0.32578,
33.546,-44.513,38.132,-0.40704,-2.2816,0.35248,
37.403,-46.774,45.925,-0.13452,-2.3078,0.22888,
41.463,-49.69,42.795,0.36877,-1.9186,0.36316,
32.48,-38.443,37.557,-0.95789,-2.065,0.56152,
47.198,-50.88,43.434,0.023193,-1.383,-0.00076294,
35.069,-45.644,41.965,-0.23425,-2.4351,0.37918,
32.836,-34.396,39.09,-1.4705,-2.5256,0.84457,
33.191,-37.729,42.603,-1.1005,-2.4542,0.66681,
34.257,-42.787,40.879,-0.4743,-2.3387,0.35324,
33.901,-45.644,37.749,-0.30035,-2.1995,0.30441,
32.379,-39.633,38.132,-0.85931,-2.3482,0.53406,
33.191,-41.954,39.346,-0.80133,-1.959,0.42953,
40.195,-26.363,37.621,-1.8763,-1.4758,1.4565,
41.463,-48.976,47.011,0.23425,-1.9281,0.40817,
33.445,-36.42,42.284,-1.0541,-2.1316,0.69504,
34.764,-42.311,43.689,-0.47662,-2.4887,0.42419,
37.403,-46.655,43.817,-0.10437,-2.2459,0.31738,
39.839,-47.667,46.819,-0.03363,-2.109,0.25482,
34.815,-43.442,41.965,-0.65985,-2.0495,0.34714,
39.687,-48.143,44.009,0.11017,-2.0078,0.23956,
37.454,-27.731,39.538,-1.8868,-1.8888,1.2917,
37.86,-47.131,45.158,-0.37573,-2.0447,0.23346,
35.779,-46.239,43.625,0.0011597,-2.4292,0.40283,
36.388,-45.049,44.647,-0.42096,-2.1542,0.22736,
43.493,-50.523,43.945,0.077698,-1.6698,0.035095,
34.51,-43.561,41.837,-0.48822,-2.4732,0.42801,
41.108,-49.512,45.542,-0.30499,-1.8115,-0.026703,
35.069,-31.599,39.601,-1.4879,-1.8745,1.1024,
36.084,-44.453,45.733,-0.26556,-2.4244,0.33035,
34.764,-42.371,39.793,-0.53345,-2.2054,0.35553,
34.764,-46.477,39.346,-0.4082,-1.9936,0.23346,
33.292,-35.11,38.579,-1.2049,-2.5351,0.76523,
40.398,-48.917,43.625,0.1554,-1.8853,0.28076,
32.531,-36.896,41.198,-1.1863,-2.6624,0.73242,
36.591,-44.751,44.647,-0.42792,-2.2542,0.27924,
44.559,-48.203,49.821,-0.14496,-1.8817,0.11139,
33.242,-36.777,39.857,-1.2223,-2.3447,0.78812,
42.529,-50.285,42.923,-0.17279,-1.6651,-0.0083923,
43.899,-49.274,48.097,0.14728,-1.7508,0.20142,
33.597,-41.776,38.26,-0.57056,-2.4637,0.48218,
33.648,-43.144,42.412,-0.76306,-2.0555,0.31281,
33.445,-38.919,38.388,-0.96948,-1.9519,0.54626,
38.215,-46.953,45.542,-0.064941,-2.2256,0.28076,
37.403,-49.452,39.729,0.061462,-1.9888,0.18158,
46.691,-51.297,43.051,0.0057983,-1.3866,-0.046539,
37.353,-47.072,44.52,-0.28992,-2.0804,0.14191,
38.52,-49.036,44.073,0.19482,-2.0971,0.28,
33.546,-43.561,39.793,-0.44067,-2.5042,0.41809,
33.698,-36.122,38.005,-1.1597,-1.8008,0.7782,
38.012,-46.596,44.711,0.1264,-2.2994,0.64468,
34.967,-42.728,44.2,-0.74683,-2.1328,0.36697,
37.302,-47.131,38.452,-0.12988,-1.9614,0.17166,
33.242,-37.848,40.049,-1.0286,-2.1495,0.58289,
40.347,-48.083,46.117,-0.0057983,-2.059,0.20294,
37.809,-49.75,39.41,0.37805,-2.1209,0.40359,
41.413,-47.964,49.31,-0.31195,-2.0519,0.048828,
34.155,-45.822,36.919,-0.45459,-1.9543,0.22354,
36.642,-45.525,42.603,-0.29919,-2.1804,0.23651,
34.663,-44.453,41.262,-0.62274,-1.9317,0.21667,
33.394,-36.182,43.37,-1.1713,-2.1888,0.84534,
41.21,-48.5,47.33,-0.48242,-1.8388,0.086975,
45.371,-49.928,45.158,0.041748,-1.6115,0.042725,
41.463,-49.452,41.901,0.20294,-1.8734,0.16403,
42.681,-49.928,45.478,-0.34326,-1.6817,0.0099182,
34.764,-45.227,39.601,-0.56128,-1.8924,0.21591,
34.51,-44.275,42.603,-0.17163,-2.647,0.42114,
34.409,-42.728,42.923,-0.62042,-2.284,0.32196,
38.52,-47.726,47.138,-0.37225,-2.115,0.12665,
37.099,-46.001,46.819,-0.53809,-2.1281,0.14343,
35.373,-45.108,42.156,-0.48474,-2.0995,0.27924,
33.292,-39.931,40.049,-0.78394,-2.3447,0.45853,
33.8,-35.706,40.049,-1.264,-2.115,0.86823,
39.992,-48.322,46.883,-0.10553,-2.0471,0.16174,
40.245,-50.821,36.408,-0.3595,-1.3651,0.053406,
43.037,-49.274,45.095,0.38385,-1.7365,0.52185,
36.338,-46.893,44.2,-0.038269,-2.3911,0.29068,
40.195,-49.036,44.903,0.06842,-2.0364,0.15793,
33.14,-35.527,40.176,-1.2675,-2.1411,0.84534,
34.409,-32.79,39.921,-1.5656,-2.3054,1.0162,
46.792,-51.059,41.198,0.66565,-1.3092,0.69275,
52.679,-50.226,44.775,0.10321,-0.88907,0.23956,
32.836,-36.598,38.068,-1.1446,-1.8293,0.73318,
33.901,-41.061,38.771,-0.56128,-2.4054,0.3891,
36.287,-32.909,49.31,-1.5609,-2.5506,0.87662,
38.926,-48.798,45.478,-0.023193,-2.1542,0.1564,
35.729,-45.168,43.625,-0.20758,-2.4792,0.38605,
38.165,-45.763,46.372,-0.17975,-2.3268,0.1976,
39.433,-49.155,43.242,-0.12988,-1.8948,0.025177,
43.189,-49.214,46.755,0.28064,-1.6627,0.49515,
35.932,-45.465,43.817,-0.56592,-1.9948,0.16403,
40.55,-47.964,45.478,0.067261,-2.1031,0.19455,
40.042,-50.047,43.625,0.074219,-1.9174,0.055695,
44.255,-50.404,42.923,0.32239,-1.6068,0.19836,
36.744,-46.358,43.178,-0.081177,-2.3994,0.37537,
33.749,-42.49,40.56,-0.73987,-2.0305,0.36087,
35.221,-45.108,42.795,-0.21338,-2.541,0.41351,
34.815,-42.966,40.24,-0.42212,-2.3649,0.35782,
33.648,-41.002,39.41,-0.67145,-2.5529,0.52185,
36.591,-45.525,42.667,-0.2818,-2.2268,0.25024,
39.129,-49.274,43.114,-0.1322,-1.8936,0.032043,
41.514,-49.928,44.009,-0.23541,-1.7043,-0.038147,
33.952,-34.932,41.39,-1.22,-2.6946,0.72403,
32.531,-39.157,41.134,-1.002,-2.1816,0.58517,
33.343,-41.954,37.877,-0.66449,-2.1042,0.36621,
33.648,-37.788,38.196,-1.0727,-1.9721,0.64011,
33.698,-38.264,45.797,-1.1272,-2.4042,0.7576,
34.003,-36.539,38.643,-1.1689,-1.8745,0.77209,
39.839,-48.976,44.456,-0.38849,-1.7853,0.077057,
41.768,-49.631,41.901,0.23773,-1.8615,0.16708,
35.729,-46.774,40.304,-0.29572,-2.0555,0.16251,
35.526,-45.584,40.368,-0.25629,-2.4554,0.45013,
33.952,-41.478,42.795,-0.76886,-2.1304,0.40817,
39.941,-47.726,46.628,-0.32819,-2.0281,0.12589,
34.51,-41.656,40.112,-0.57288,-2.3601,0.34943,
41.362,-48.798,47.138,-0.36414,-1.8734,0.041199,
33.445,-38.324,40.049,-1.0078,-2.4387,0.63171,
36.744,-47.072,41.645,0.11945,-2.3923,0.60654,
37.302,-47.131,41.773,-0.19135,-2.0376,0.17471,
44.711,-50.285,47.138,-0.3421,-1.6817,0.045013,
37.962,-49.036,42.923,-0.38153,-1.8115,0.0099182,
32.328,-35.884,39.665,-1.3638,-2.7196,0.78659,
36.591,-45.346,40.24,-0.49286,-1.8555,0.15869,
35.323,-44.572,42.731,-0.24469,-2.4435,0.35477,
41.26,-49.095,45.158,0.18903,-1.8507,0.3685,
34.054,-44.215,38.26,-0.70972,-1.915,0.39291,
38.926,-49.631,42.54,0.14032,-1.9709,0.2327,
34.003,-34.991,42.667,-1.358,-2.4815,0.87204,
40.854,-48.679,44.903,-0.31543,-1.7996,0.05188,
33.851,-41.835,39.601,-0.75378,-1.9102,0.31662,
36.845,-46.655,45.733,-0.55316,-2.0221,0.13809,
40.042,-49.036,47.394,-0.26093,-2.1054,0.06485,
39.535,-49.69,42.667,-0.16815,-1.8043,0.016785,
35.12,-43.739,44.584,-0.70856,-2.1066,0.34027,
38.114,-49.452,43.689,-0.039429,-2.0376,0.086212,
32.988,-37.55,40.623,-1.1887,-2.647,0.75531,
39.586,-49.928,40.049,0.13568,-1.8329,0.13123,
34.663,-41.835,45.733,-0.70508,-2.428,0.42572,
33.191,-38.383,42.412,-1.0541,-2.3316,0.65994,
35.475,-44.87,42.987,-0.51837,-2.1542,0.25711,
35.526,-39.098,47.138,-0.78973,-2.5577,0.58746,
36.135,-46.477,41.582,-0.5752,-1.8412,0.16632,
33.8,-42.252,44.2,-0.5752,-2.4375,0.36774,
42.326,-49.69,44.903,0.18787,-1.8412,0.16251,
34.206,-45.525,38.643,-0.30963,-2.2518,0.33112,
32.43,-38.503,41.39,-0.96136,-2.6351,0.60883,
32.683,-40.347,38.707,-0.80481,-2.1257,0.47226,
34.561,-45.287,39.729,-0.42328,-2.1864,0.24109,
34.866,-44.632,39.282,-0.44647,-2.0519,0.22659,
42.225,-49.512,45.222,0.22845,-1.8615,0.24796,
33.039,-39.514,39.218,-0.97064,-1.9471,0.57373,
34.663,-44.513,40.432,-0.32935,-2.4149,0.41962,
44.61,-51.535,45.031,-0.34558,-1.6068,-0.05188,
34.714,-30.231,39.793,-1.8056,-2.3137,1.03,
50.852,-50.226,43.625,0.53229,-0.90454,0.72098,
49.431,-50.166,46.372,-0.36298,-1.3878,0.068665,
33.394,-33.147,39.729,-1.6873,-2.6208,0.89035,
45.828,-50.94,43.051,-0.2934,-1.5163,-0.0076294,
40.093,-50.702,41.837,0.16583,-1.7769,0.097656,
34.257,-33.206,38.005,-1.4971,-2.04,1.0612,
41.007,-49.512,44.903,-0.25861,-1.8115,-0.0061035,
53.238,-51.476,39.793,0.084656,-0.74268,0.045013,
38.368,-48.679,41.134,0.15192,-2.2054,0.3746,
33.242,-40.466,39.729,-0.72479,-2.4185,0.46158,
32.734,-36.063,38.899,-1.2571,-2.2602,0.79346,
47.198,-51.059,45.669,-0.019714,-1.4615,0.063324,
41.819,-48.976,45.669,0.10669,-1.865,0.14191,
44.508,-48.322,49.119,-0.097412,-1.7424,0.18921,
35.678,-44.691,43.051,-0.19946,-2.372,0.22202,
43.696,-51.952,40.751,0.0057983,-1.4592,-0.039673,
36.642,-45.465,44.584,-0.20294,-2.4006,0.37689,
34.764,-45.227,39.41,-0.054504,-2.4839,0.41122,
37.911,-49.095,41.645,-0.030151,-2.0031,0.078583,
35.982,-46.774,41.262,-0.56476,-1.8543,0.14114,
36.185,-44.096,45.286,-0.59375,-2.1292,0.21057,
33.8,-42.728,43.498,-0.77698,-2.0614,0.35019,
32.988,-34.515,38.005,-1.3069,-2.1697,0.87357,
37.048,-44.513,47.011,-0.10785,-2.4601,0.51422,
40.905,-48.5,45.478,-0.03595,-1.9793,0.14572,
38.621,-47.964,44.839,-0.35254,-1.9531,0.11749,
37.809,-47.131,39.857,-0.13336,-1.9221,0.11215,
33.749,-42.371,41.454,-0.59143,-2.4256,0.42343,
36.794,-45.465,45.095,-0.60651,-2.0257,0.17395,
33.089,-35.706,38.452,-1.3081,-2.1876,0.87585,
35.018,-44.989,42.987,-0.30035,-2.4482,0.36545,
33.242,-35.229,42.348,-1.3394,-2.4792,0.86594,
37.099,-48.322,40.56,-0.041748,-2.0888,0.18921,
34.815,-45.287,38.26,-0.4314,-2.0578,0.25024,
35.932,-47.845,40.623,-0.3653,-1.9305,0.13275,
34.663,-44.81,39.729,-0.53113,-2.1066,0.26703,
34.866,-43.442,37.941,-0.49982,-2.0352,0.27237,
34.206,-45.644,38.132,-0.50098,-1.9186,0.21286,
36.744,-48.798,37.557,-0.26556,-1.746,0.11673,
36.084,-46.239,42.412,-0.51257,-1.9614,0.12054,
41.413,-49.155,47.011,0.11365,-2.0376,0.24109,
39.281,-49.393,39.346,0.17395,-1.8948,0.17548,
49.837,-49.452,48.16,-0.12756,-1.3961,0.15411,
35.221,-46.179,39.857,-0.36993,-2.0162,0.15335,
36.744,-46.358,40.943,-0.47546,-1.8781,0.078583,
39.839,-49.333,43.114,0.041748,-1.9174,0.11978,
33.851,-41.716,37.621,-0.67261,-2.134,0.40588,
32.683,-37.729,37.877,-1.1017,-1.846,0.70648,
38.774,-47.845,43.051,-0.19598,-1.9757,0.066376,
35.779,-44.096,43.178,-0.37457,-2.3554,0.30136,
36.794,-46.12,43.306,-0.26324,-2.1792,0.18311,
42.986,-49.75,46.883,-0.31079,-1.7984,0.036621,
32.886,-37.61,37.877,-1.0994,-1.8412,0.7103,
39.078,-47.667,45.222,-0.27368,-2.0031,0.11978,
43.037,-48.679,48.288,-0.39661,-1.8531,0.048065,
38.063,-48.619,44.392,-0.16351,-2.0638,0.11978,
33.648,-42.847,38.516,-0.56244,-2.5851,0.54092,
45.777,-51.595,40.24,0.14496,-1.3425,-0.068665,
44.559,-49.69,46.755,-0.3479,-1.6865,0.031281,
34.155,-44.751,39.857,-0.52185,-2.0793,0.25177,
37.911,-46.12,47.586,-0.11829,-2.3387,0.3212,
43.24,-49.512,45.925,0.023193,-1.7722,0.12817,
39.18,-48.976,39.538,0.012756,-1.8031,0.067902,
45.777,-49.393,48.352,-0.12524,-1.7115,0.067139,
34.764,-45.882,39.793,-0.21454,-2.3292,0.36545,
37.403,-46.477,43.37,-0.24005,-2.1138,0.19913,
34.51,-44.87,41.454,-0.43488,-2.2744,0.32959,
34.51,-41.24,39.474,-0.57056,-2.4696,0.45471,
35.069,-42.668,44.009,-0.57867,-2.3066,0.31052,
34.866,-45.703,39.857,-0.32355,-2.2126,0.2388,
47.503,-50.226,43.242,0.51373,-1.2318,0.70038,
50.852,-47.369,50.013,-0.56244,-1.4937,0.18005,
35.323,-44.453,42.284,-0.32471,-2.4994,0.41046,
35.424,-43.263,43.434,-0.4256,-2.5815,0.50659,
37.15,-47.667,41.965,0.18323,-2.2495,0.39749,
33.495,-40.347,43.434,-0.88019,-2.0055,0.46921,
38.621,-48.5,44.136,-0.41168,-1.921,0.07782,
44.864,-47.548,49.885,-0.14496,-1.7936,0.16251,
34.967,-44.394,41.198,-0.36414,-2.3685,0.27618,
33.039,-39.633,40.112,-0.81989,-2.2352,0.48218,
34.257,-41.597,41.518,-0.54852,-2.4446,0.40207,
33.242,-40.704,41.007,-0.89874,-2.0947,0.5249,
37.708,-27.553,36.536,-1.7325,-1.5699,1.3962,
37.251,-47.012,45.861,-0.36066,-2.1376,0.14954,
37.556,-47.548,39.282,-0.22034,-1.8745,0.1236,
38.672,-48.381,41.773,-0.2215,-1.9043,0.079346,
36.794,-47.607,41.773,-0.25281,-1.9329,0.10147,
36.287,-43.68,45.861,-0.67725,-2.0971,0.25864,
36.185,-46.298,43.817,-0.013916,-2.372,0.41046,
40.804,-49.869,43.689,-0.22034,-1.7888,0.020599,
39.433,-48.262,42.667,-0.055664,-1.9614,0.10834,
44.61,-50.761,44.967,0.067261,-1.6044,0.12131,
33.901,-39.514,38.005,-0.89874,-2.0459,0.55237,
34.307,-44.87,41.645,-0.31775,-2.4601,0.36087,
39.89,-48.679,44.967,-0.10205,-1.9781,0.13275,
36.997,-45.227,46.947,-0.24469,-2.3947,0.28152,
41.21,-50.761,43.178,0.06958,-1.7341,0.11063,
57.805,-45.227,47.458,-0.64709,-0.99619,0.33188,
32.836,-41.18,37.43,-0.69348,-2.4649,0.52795,
42.986,-50.047,46.883,-0.4082,-1.7377,0.034332,
34.46,-36.717,48.033,-1.1202,-2.4839,0.74692,
34.561,-40.526,46.5,-0.91846,-2.3494,0.54016,
47.147,-50.464,46.755,-0.11365,-1.4949,0.061035,
35.069,-44.572,44.839,-0.6413,-2.1221,0.2739,
33.191,-39.157,41.134,-0.99847,-2.0733,0.57068,
33.749,-40.645,41.645,-0.80829,-2.1292,0.39749,
41.311,-49.155,46.244,0.21802,-1.9198,0.28152,
38.926,-47.667,44.456,-0.34674,-1.9305,0.075531,
46.335,-49.095,49.182,-0.43024,-1.6889,0.048828,
32.683,-37.431,38.835,-1.2084,-2.4339,0.74844,
33.597,-44.334,38.707,-0.72015,-2.1388,0.48447,
36.084,-46.179,41.773,-0.16583,-2.2495,0.28458,
37.708,-48.679,42.603,0.075378,-2.115,0.25101,
43.493,-49.571,46.5,-0.011597,-1.7674,0.103,
35.729,-46.417,38.516,-0.21802,-2.0602,0.177,
47.401,-51.118,45.925,-0.33051,-1.508,-0.019073,
34.358,-44.87,42.284,-0.12988,-2.6577,0.53787,
35.17,-45.882,39.857,-0.27368,-2.1876,0.27542,
32.988,-40.407,41.965,-0.71204,-2.6755,0.54245,
33.851,-42.49,38.196,-0.79089,-2.234,0.52338,
33.14,-38.622,38.005,-0.96252,-2.3923,0.61264,
36.135,-43.739,46.372,-0.23309,-2.5339,0.46921,
34.561,-31.599,39.857,-1.3394,-1.9745,0.84534,
35.576,-47.607,40.432,-0.29224,-2.0352,0.14954,
40.296,-47.488,44.456,0.20178,-2.0757,0.64545,
38.52,-48.262,45.222,-0.11829,-2.084,0.11826,
38.012,-48.262,44.903,-0.067261,-2.203,0.15411,
38.114,-48.679,43.817,-0.066101,-2.0769,0.16022,
34.866,-43.799,40.687,-0.62274,-1.9293,0.23651,
35.323,-45.763,38.707,-0.16583,-2.2447,0.31662,
58.617,-45.763,45.733,-0.6123,-0.84384,0.34637,
33.546,-41.478,41.518,-0.77002,-2.1899,0.37842,
44.305,-48.976,46.947,0.36646,-1.7436,0.36163,
33.597,-40.526,44.839,-0.79669,-2.6946,0.58212,
40.195,-26.244,38.452,-1.8056,-1.4925,1.4572,
33.851,-42.668,43.753,-0.71667,-2.2554,0.35706,
34.663,-46.417,39.601,-0.39081,-2.115,0.2449,
33.952,-40.585,41.965,-0.83264,-2.1507,0.44022,
33.698,-43.144,42.348,-0.69928,-2.184,0.35553,
34.307,-30.588,41.262,-1.7082,-2.4149,1.0368,
32.836,-36.539,42.731,-1.0797,-2.0305,0.66299,
34.104,-43.263,41.965,-0.5636,-2.4161,0.36697,
34.764,-42.787,43.689,-0.65521,-2.2792,0.39673,
33.8,-44.989,37.238,-0.36182,-2.1435,0.27466,
35.069,-45.406,39.793,-0.43604,-2.0293,0.2449,
33.445,-41.418,38.579,-0.66101,-2.2792,0.44327,
44.965,-48.619,48.544,0.092773,-1.6567,0.3067,
44.661,-50.761,46.244,-0.19482,-1.6532,0.019073,
36.947,-46.655,43.434,-0.14032,-2.2197,0.22583,
42.225,-50.404,46.5,-0.36298,-1.7758,-0.0022888,
34.866,-45.465,41.134,-0.36761,-2.3554,0.34256,
35.424,-46.358,39.921,-0.27484,-2.0769,0.14954,
33.394,-39.752,40.879,-0.8454,-2.2268,0.62027,
34.866,-45.703,42.859,-0.58679,-2.0078,0.21057,
34.155,-45.822,39.282,-0.21222,-2.3839,0.36163,
39.078,-46.239,45.031,-0.39893,-2.09,0.11673,
36.591,-45.941,43.945,-0.2041,-2.3078,0.25101,
40.905,-49.571,41.39,-0.032471,-1.7508,0.07782,
33.8,-41.776,40.304,-0.61462,-2.4006,0.40131,
47.249,-48.679,48.927,-0.48474,-1.6139,0.1152,
33.242,-38.562,38.899,-1.0379,-1.84,0.64468,
32.125,-38.622,40.368,-0.97644,-2.2173,0.56915,
39.129,-47.726,39.665,-0.18787,-1.7912,0.035095,
33.851,-36.539,39.857,-1.1121,-2.0174,0.75607,
34.003,-40.407,41.262,-0.71436,-2.3494,0.50888,
33.191,-40.883,44.073,-0.76422,-2.3018,0.48523,
37.809,-47.845,44.711,0.138,-2.2875,0.32425,
55.775,-48.917,44.264,0.13568,-0.49869,0.36011,
35.221,-43.442,43.625,-0.63318,-2.1292,0.28915,
32.024,-39.276,38.963,-0.93121,-2.2042,0.5249,
33.698,-43.977,40.304,-0.36646,-2.4899,0.36392,
41.413,-49.631,46.691,-0.23077,-1.8567,0.050354,
36.845,-46.953,40.879,-0.25397,-1.9948,0.091553,
37.911,-48.262,44.136,-0.077698,-2.134,0.19684,
39.789,-49.155,44.711,-0.28644,-1.9626,0.045013,
32.988,-36.063,38.388,-1.2606,-1.965,0.89111,
56.486,-45.346,48.16,-0.67609,-1.1485,0.36087,
38.215,-45.822,47.649,-0.14728,-2.3351,0.26855,
35.729,-44.632,43.114,-0.23889,-2.4232,0.31586,
33.14,-35.229,38.452,-1.1933,-2.6077,0.77209,
40.55,-49.631,44.073,-0.010437,-1.9174,0.085449,
39.383,-50.226,43.753,0.13336,-1.9495,0.10071,
34.714,-43.263,39.538,-0.37457,-2.4066,0.3624,
39.586,-49.393,37.11,0.23077,-1.8817,0.31128,
39.484,-48.203,41.773,-0.056824,-1.9805,0.14954,
33.191,-39.99,37.813,-0.8941,-1.9091,0.51804,
45.828,-50.464,43.689,0.44067,-1.5139,0.24948,
33.343,-39.276,43.051,-0.95325,-2.1864,0.57907,
55.978,-48.738,44.647,0.040588,-0.64032,0.31815,
60.19,-46.655,39.218,-0.17163,-0.21423,0.3212,
41.971,-43.204,51.865,-0.40009,-2.184,0.37384,
36.338,-46.655,41.39,-0.16351,-2.2411,0.23499,
38.368,-47.131,46.244,-0.50909,-2.0138,0.12436,
41.362,-47.488,47.969,-0.24353,-2.0281,0.12131,
40.804,-47.607,47.841,-0.063782,-2.0685,0.19379,
32.988,-36.479,41.134,-1.0843,-2.2649,0.68283,
42.478,-49.095,46.564,0.12756,-1.7984,0.33188,
34.104,-42.787,39.41,-0.50793,-2.4411,0.48065,
44.458,-49.393,47.586,-0.28064,-1.8103,0.00076294,
40.804,-25.708,38.452,-1.8056,-1.4592,1.4252,
34.764,-45.049,40.751,-0.38501,-2.1495,0.14648,
42.225,-48.381,48.16,0.027832,-1.9614,0.18616,
49.583,-52.071,38.26,-0.25745,-0.97357,-0.0068665,
32.43,-33.444,39.729,-1.4681,-2.7339,0.75302,
33.343,-39.931,38.516,-0.93469,-1.9126,0.54016,
39.281,-49.452,43.881,0.10669,-1.9709,0.16937,
33.8,-41.24,40.623,-0.75262,-2.3006,0.45547,
33.089,-40.585,39.218,-0.85931,-2.1126,0.50964,
52.73,-48.083,48.352,-0.43372,-1.2794,0.13962,
32.582,-39.574,38.196,-0.81177,-2.4994,0.55847,
43.341,-48.441,47.394,0.28876,-1.8079,0.54398,
33.851,-32.671,39.985,-1.4542,-2.5327,0.83237,
34.46,-43.085,45.031,-0.30963,-2.7136,0.44937,
33.901,-40.764,40.176,-0.48822,-2.6815,0.53177,
33.851,-43.025,37.941,-0.59143,-2.5232,0.54932,
37.2,-46.715,44.903,-0.12988,-2.3232,0.29221,
35.323,-45.227,39.218,-0.076538,-2.3661,0.42114,
45.676,-51.416,40.432,-0.032471,-1.3568,-0.015259,
32.937,-38.562,38.899,-0.85352,-2.4875,0.58899,
45.726,-49.095,48.097,-0.12408,-1.6603,0.079346,
35.982,-45.763,45.095,-0.61115,-2.0328,0.20294,
35.17,-46.179,40.112,-0.30499,-2.1411,0.1442,
35.627,-44.275,43.242,-0.41284,-2.3911,0.31128,
38.266,-47.964,43.562,-0.25629,-1.9698,0.079346,
33.089,-32.849,39.474,-1.387,-2.334,0.86899,
33.039,-41.656,38.516,-0.6181,-2.4268,0.42114,
33.952,-44.334,39.538,-0.32007,-2.3851,0.37308,
38.571,-49.571,41.262,0.25745,-2.0174,0.29755,
46.386,-47.786,50.715,-0.11365,-1.7472,0.2243,
43.798,-48.56,48.799,0.14264,-1.79,0.28076,
33.14,-38.503,39.538,-0.98108,-2.4554,0.61722,
35.526,-46.06,41.326,-0.51489,-1.9626,0.18845,
37.505,-48.381,42.22,-0.14148,-1.9995,0.11368,
38.824,-47.31,46.755,-0.30267,-2.1031,0.1297,
33.648,-40.407,39.601,-0.7677,-2.1602,0.39597,
33.597,-43.561,38.452,-0.41284,-2.5648,0.4982,
44.864,-46.536,51.29,-0.27832,-1.9198,0.25177,
35.83,-44.81,45.478,-0.52301,-2.3244,0.30746,
32.886,-36.241,39.154,-1.2907,-2.453,0.83542,
55.065,-48.5,44.775,0.10321,-0.66888,0.33722,
37.353,-47.726,42.859,-0.024353,-2.1768,0.17319,
36.185,-45.346,43.945,-0.15771,-2.4696,0.41351,
37.911,-47.25,44.52,0.054504,-2.2816,0.30594,
44.407,-49.095,46.755,0.34442,-1.6068,0.49667,
32.785,-37.967,40.751,-1.1098,-2.7648,0.71945,
34.206,-41.597,39.41,-0.70392,-2.1542,0.3891,
33.039,-35.527,40.176,-1.1446,-2.4446,0.67749,
42.123,-49.75,42.156,-0.039429,-1.6341,0.099182,
42.986,-48.143,48.48,-0.22266,-1.8698,0.14496,
33.749,-44.751,40.112,-0.38849,-2.334,0.29221,
33.14,-36.479,40.623,-1.1249,-2.3697,0.73471,
49.076,-50.464,47.202,-0.30847,-1.4473,0.086212,
34.46,-43.144,39.538,-0.50677,-2.3042,0.39215,
34.257,-43.085,42.859,-0.54388,-2.3661,0.31052,
39.433,-48.322,44.456,0.32471,-2.0959,0.63782,
39.484,-47.607,46.691,-0.13568,-2.0709,0.19989,
40.093,-48.203,46.5,0.013916,-2.0793,0.22583,
34.257,-41.954,40.24,-0.56592,-2.2459,0.33569,
32.988,-40.645,40.751,-0.90106,-1.9995,0.50507,
33.191,-38.026,39.41,-1.0518,-2.5303,0.67062,
33.495,-37.61,39.346,-1.0344,-2.2566,0.61569,
38.571,-49.036,42.54,0.20178,-2.0876,0.24872,
37.403,-46.834,43.625,-0.16351,-2.203,0.12817,
38.672,-46.477,47.777,-0.53113,-2.0543,0.1297,
40.042,-46.298,48.863,-0.5462,-2.0376,0.13199,
39.18,-47.845,45.861,0.13916,-2.1626,0.40665,
40.55,-49.928,46.18,-0.20874,-1.8983,0.038147,
38.012,-47.548,43.945,0.097412,-2.2578,0.27695,
35.069,-41.478,46.5,-0.73987,-2.4327,0.49973,
41.514,-49.333,47.394,-0.15887,-1.9019,0.1358,
35.323,-45.108,41.582,-0.39429,-2.0745,0.16785,
40.093,-47.667,46.117,-0.30615,-1.9674,0.15793,
34.003,-44.275,42.412,-0.59839,-2.1947,0.28305,
33.597,-42.49,43.114,-0.43835,-2.6946,0.55084,
35.526,-43.858,43.625,-0.32935,-2.334,0.2594,
37.251,-46.001,46.372,-0.52997,-2.0543,0.17166,
42.225,-49.333,46.244,0.2934,-1.9114,0.38986,
33.394,-41.776,42.22,-0.69696,-2.3351,0.44708,
33.039,-41.537,39.729,-0.6355,-2.5244,0.46768,
37.2,-46.715,44.392,-0.21918,-2.1792,0.20065,
41.463,-49.452,45.606,0.22729,-1.9067,0.25711,
32.937,-38.264,39.729,-0.94861,-2.4161,0.61188,
33.445,-40.466,39.09,-0.84656,-2.0578,0.46768,
34.307,-43.204,42.923,-0.41052,-2.4994,0.29526,
39.332,-49.809,43.306,-0.17743,-1.8579,0.04425,
32.886,-41.24,39.857,-0.70392,-2.4577,0.43488,
42.225,-49.036,47.011,-0.43488,-1.7543,0.062561,
38.723,-47.607,45.478,0.0046387,-2.1792,0.28763,
36.947,-47.191,41.965,-0.25281,-2.0221,0.11444,
38.571,-46.358,47.905,-0.11713,-2.2518,0.30746,
33.597,-40.823,42.859,-0.60303,-2.6803,0.43488,
36.49,-46.06,43.178,-0.56824,-1.9198,0.17395,
32.988,-39.514,40.049,-0.84888,-2.4208,0.53635,
33.546,-38.741,46.244,-1.0449,-2.234,0.71335,
42.225,-49.274,45.478,0.37573,-1.6841,0.6546,
40.905,-45.287,50.204,-0.51953,-2.0816,0.22888,
40.905,-52.13,40.879,-0.23425,-1.5163,-0.13885,
34.51,-42.073,45.286,-0.73523,-2.5089,0.53024,
34.104,-42.014,37.749,-0.72131,-1.9543,0.3952,
42.834,-50.166,43.178,-0.35138,-1.5699,0.016785,
34.663,-32.79,38.324,-1.4148,-1.8983,0.97885,
39.484,-50.345,42.412,0,-1.8543,0.088501,
34.46,-45.049,42.284,-0.11597,-2.597,0.55771,
35.932,-42.787,45.925,-0.43951,-2.4673,0.29068,
41.362,-49.333,46.5,0.22729,-1.9483,0.27618,
33.445,-41.359,39.729,-0.82684,-2.2245,0.50659,
35.881,-43.442,40.176,-0.62622,-1.8162,0.21515,
50.04,-50.047,46.628,-0.085815,-1.2842,0.10147,
33.343,-39.217,38.643,-0.84772,-2.2149,0.48447,
37.099,-45.227,45.669,-0.27716,-2.3161,0.23575,
37.505,-47.012,44.967,-0.50214,-1.9555,0.14496,
42.935,-48.203,49.374,-0.22729,-1.9483,0.087738,
33.8,-39.931,39.665,-0.8454,-2.1947,0.51346,
33.394,-41.478,39.027,-0.81061,-2.3125,0.52185,
37.657,-47.072,44.711,-0.082336,-2.1959,0.29297,
35.373,-41.597,46.5,-0.552,-2.5863,0.51727,
36.591,-47.131,43.434,-0.027832,-2.2185,0.2533,
34.104,-40.883,41.134,-0.65753,-2.4375,0.44632,
34.206,-40.347,38.771,-0.71552,-2.2816,0.49744,
58.059,-48.381,43.817,-0.42908,-0.75339,0.17853,
36.744,-48.203,42.092,-0.1925,-2.0662,0.10757,
35.83,-46.715,41.582,-0.56824,-1.8531,0.13657,
37.099,-47.25,42.859,-0.024353,-2.3399,0.29144,
40.854,-49.571,44.584,-0.37457,-1.7615,0.021362,
38.063,-47.667,42.731,-0.23193,-1.9876,0.13733,
34.409,-42.311,44.392,-0.84656,-2.1007,0.46158,
36.084,-29.457,38.579,-1.7778,-2.1054,1.1246,
37.911,-49.214,43.37,-0.45575,-1.8222,0.045776,
35.17,-46.12,40.304,-0.18671,-2.2518,0.32196,
34.866,-41.478,45.286,-0.65057,-2.4756,0.44708,
37.353,-43.739,47.458,-0.414,-2.4006,0.29297,
42.986,-49.631,46.308,0.23773,-1.8222,0.16632,
35.779,-45.287,42.22,-0.15771,-2.4196,0.30441,
32.785,-38.264,39.41,-0.97644,-2.1971,0.58823,
39.738,-46.774,47.33,-0.075378,-2.209,0.29678,
33.191,-39.752,41.071,-0.76538,-2.4435,0.54703,
34.054,-45.644,36.919,-0.3363,-2.1173,0.2388,
36.388,-46.001,40.687,-0.23773,-2.1542,0.30136,
39.129,-49.869,39.793,0.11365,-1.8388,0.23499,
36.388,-47.488,39.601,-0.19135,-2.0138,0.15869,
37.251,-49.214,39.601,-0.16699,-1.8662,0.08316,
45.676,-50.345,45.606,0.25745,-1.5353,0.30746,
35.779,-44.334,40.687,-0.60651,-1.8519,0.16022,
55.572,-49.274,42.476,0.0046387,-0.65698,0.20676,
46.234,-47.786,49.885,-0.074219,-1.6936,0.19302,
36.794,-46.655,43.114,-0.044067,-2.2792,0.37537,
42.022,-48.5,48.16,-0.32587,-1.9412,0.074768,
34.003,-44.513,40.623,-0.28644,-2.5018,0.38605,
37.2,-49.095,44.136,-0.078857,-2.1995,0.13962,
35.83,-45.227,43.306,-0.21222,-2.5232,0.46692,
41.108,-48.322,46.18,-0.086975,-1.9329,0.11597,
50.497,-51.357,42.348,0.46039,-0.98666,0.27161,
43.493,-50.107,43.562,0.29803,-1.6841,0.19379,
33.8,-41.24,43.242,-0.86627,-2.0424,0.46616,
33.8,-38.86,42.859,-0.96252,-2.0257,0.62103,
33.698,-32.79,39.538,-1.6908,-2.597,0.8934,
38.063,-45.346,47.969,-0.38617,-2.2935,0.24185,
36.49,-47.429,44.839,-0.28064,-2.1411,0.12207,
44.204,-50.047,45.669,-0.12524,-1.7151,0.035858,
34.003,-41.835,42.603,-0.70856,-2.2197,0.30289,
42.834,-50.285,45.669,-0.3479,-1.7091,0.024414,
35.272,-45.049,38.132,-0.26556,-2.234,0.31967,
37.099,-46.774,43.881,-0.24353,-2.1554,0.1976,
42.58,-49.393,47.138,0.36182,-1.7912,0.50583,
48.01,-50.761,44.903,0.34442,-1.3413,0.21744,
35.018,-43.977,38.132,-0.44763,-2.0293,0.27084,
39.027,-49.155,44.073,-0.36761,-1.8281,-0.020599,
40.804,-49.809,42.156,0.4859,-2.065,0.41962,
36.135,-41.776,47.011,-0.48126,-2.5625,0.48599,
36.236,-30.112,40.368,-1.7349,-2.0388,1.226,
36.845,-47.548,40.687,-0.041748,-2.1316,0.21057,
36.287,-46.893,38.579,-0.11481,-2.1554,0.22278,
32.785,-38.562,40.56,-0.97992,-1.9709,0.64774,
33.039,-38.86,45.286,-0.77002,-2.8279,0.63705,
32.683,-37.372,41.007,-1.1063,-2.5077,0.71793,
34.866,-45.644,41.901,-0.39893,-2.2328,0.27084,
46.386,-49.095,47.969,0.15424,-1.5913,0.23651,
39.941,-49.036,44.2,-0.25629,-1.8531,0.032043,
44.813,-48.322,48.863,-0.35718,-1.7758,0.12283,
33.495,-40.526,40.879,-0.52765,-2.735,0.54703,
33.089,-38.8,42.412,-0.9776,-2.6577,0.65536,
44.661,-49.631,46.244,0.25281,-1.6377,0.28305,
42.377,-50.702,42.156,0.55664,-1.6675,0.53787,
36.845,-48.738,39.921,-0.012756,-2.0078,0.19608,
40.499,-50.761,42.412,-0.27948,-1.652,-0.068665,
47.706,-50.464,46.883,-0.26556,-1.4806,-0.029755,
37.708,-45.049,46.691,-0.066101,-2.3292,0.60272,
33.191,-39.217,38.899,-0.79669,-2.4232,0.54245,
39.18,-46.358,46.18,-0.5636,-1.89,0.20142,
36.338,-46.655,40.304,0.11365,-2.3947,0.52032,
38.52,-45.465,46.628,-0.1438,-2.2673,0.31281,
38.469,-48.381,37.941,0.032471,-1.9007,0.18158,
33.14,-33.742,41.262,-1.5006,-2.6874,0.76218,
37.302,-48.262,40.879,0.064941,-2.14,0.19608,
34.003,-43.858,37.685,-0.4024,-2.2173,0.28152,
48.518,-50.94,45.031,-0.22498,-1.3604,-0.0091553,
37.454,-46.358,43.753,0.010437,-2.2947,0.27084,
36.287,-45.941,44.839,-0.55316,-2.0816,0.2037,
33.495,-40.704,41.39,-0.69232,-2.3708,0.40665,
40.651,-47.429,47.649,-0.46735,-1.9257,0.092316,
42.884,-50.761,43.689,0.18323,-1.7246,0.14572,
37.606,-45.644,46.372,-0.29108,-2.234,0.22583,
38.215,-48.917,41.39,-0.30035,-1.7841,0.022888,
36.947,-47.548,43.753,-0.095093,-2.2459,0.14191,
37.708,-48.798,41.007,-0.19946,-1.9067,0.063324,
39.586,-47.786,46.819,-0.032471,-2.178,0.20523,
34.104,-41.597,43.434,-0.73523,-2.3185,0.44479,
38.114,-44.632,47.011,-0.089294,-2.2923,0.60883,
45.219,-50.642,42.603,-0.037109,-1.4044,-0.0022888,
34.51,-43.918,41.965,-0.54736,-2.1757,0.28,
33.597,-36.955,41.582,-1.046,-2.0269,0.68512,
50.446,-51.118,39.985,-0.013916,-1.0188,-0.016022,
47.401,-50.464,46.436,0.45343,-1.283,0.59357,
34.561,-43.025,41.007,-0.76074,-1.9674,0.37689,
34.46,-42.371,43.817,-0.74335,-2.0638,0.41428,
33.242,-41.776,41.582,-0.56708,-2.5327,0.46692,
41.92,-49.095,44.967,-0.30731,-1.7639,0.029755,
37.454,-50.107,37.494,0.12872,-1.89,0.16251,
32.785,-39.931,38.26,-0.92889,-1.8841,0.58823,
37.251,-44.037,46.117,-0.39429,-2.3542,0.40131,
33.8,-38.503,39.027,-1.0275,-1.8293,0.62408,
33.698,-34.991,40.623,-1.3533,-2.178,0.91629,
33.749,-37.491,41.901,-1.082,-2.1376,0.76675,
35.982,-46.774,42.731,-0.15192,-2.228,0.24185,
34.866,-46.596,39.921,-0.38037,-2.0519,0.17929,
49.025,-51.178,44.2,-0.2934,-1.2878,0.0061035,
34.257,-44.334,37.877,-0.4314,-2.0197,0.21896,
39.586,-47.845,44.264,-0.12177,-1.9757,0.15335,
37.2,-46.12,44.392,-0.27136,-2.1602,0.14801,
35.627,-44.751,40.176,-0.59839,-1.8091,0.19913,
33.851,-31.302,38.579,-1.5887,-2.1542,1.0727,
34.155,-35.229,41.901,-1.1678,-2.0245,0.83542,
35.272,-44.275,42.476,-0.6355,-2.0067,0.177,
38.418,-48.083,45.095,-0.12177,-2.0971,0.098419,
35.17,-29.279,39.282,-1.9169,-2.3542,1.0628,
34.003,-39.812,44.52,-0.81177,-2.3232,0.55313,
34.967,-44.394,40.623,-0.65637,-1.8615,0.28229,
34.155,-32.73,40.56,-1.3696,-2.0281,0.97504,
37.606,-48.5,42.795,-0.28992,-1.9662,0.063324,
34.866,-45.882,39.154,-0.24005,-2.3149,0.33112,
33.089,-38.086,39.027,-0.87787,-2.6375,0.60806,
33.394,-37.967,41.262,-0.93701,-2.6208,0.64163,
33.343,-34.277,41.965,-1.2455,-2.0364,0.90256,
36.693,-47.488,44.009,-0.50562,-1.9519,0.11139,
34.612,-44.632,40.049,-0.21802,-2.4292,0.38681,
39.636,-49.869,42.348,0.11829,-1.8924,0.17395,
36.541,-28.624,38.899,-1.7592,-1.8127,1.3046,
35.424,-44.334,44.009,-0.6958,-1.9519,0.25787,
38.977,-46.596,46.947,-0.54504,-1.9924,0.17624,
34.46,-42.43,44.52,-0.41864,-2.6184,0.58365,
41.057,-49.036,46.5,-0.030151,-1.9126,0.11902,
40.347,-50.523,41.709,-0.31079,-1.6246,-0.07019,
35.12,-44.156,41.709,-0.19946,-2.5184,0.39749,
33.901,-41.061,43.945,-0.78973,-2.3768,0.56458,
39.332,-47.964,45.797,-0.015076,-2.1304,0.26169,
35.678,-29.576,41.645,-2.0422,-2.4351,0.98343,
35.576,-47.667,40.176,-0.21918,-2.0174,0.13504,
35.627,-44.572,42.667,-0.45459,-2.1745,0.25482,
37.708,-46.477,46.436,-0.1264,-2.2947,0.25711,
45.371,-49.571,46.308,-0.03595,-1.6365,-0.025177,
35.323,-46.953,37.557,-0.32123,-1.8805,0.1709,
44.61,-49.988,44.392,0.58679,-1.5115,0.65765,
36.084,-46.06,40.24,-0.38501,-1.9626,0.14267,
34.155,-43.204,39.601,-0.55432,-2.3054,0.38223,
39.992,-48.381,46.372,-0.053345,-2.0364,0.12894,
38.52,-46.774,45.925,-0.27832,-2.0888,0.14648,
36.541,-45.465,44.009,-0.49518,-2.1054,0.14038,
34.561,-42.252,40.943,-0.64478,-2.1352,0.3273,
33.445,-32.849,39.09,-1.6212,-2.5184,0.92468,
44.762,-50.345,45.095,0.37225,-1.6603,0.2533,
37.353,-44.81,46.18,-0.36877,-2.2459,0.24109,
33.039,-37.312,38.516,-1.0739,-2.1923,0.63171,
40.55,-49.512,45.478,0.20526,-2.0316,0.24185,
56.384,-49.869,36.472,-0.39429,-0.58795,0.077057,
41.717,-49.393,45.222,0.19714,-1.8924,0.29144,
38.063,-48.5,43.498,0.030151,-2.1019,0.24261,
46.741,-50.226,45.797,0.10553,-1.5496,0.096893,
50.954,-50.761,46.117,-0.35138,-1.3413,-0.027466,
33.292,-35.468,37.941,-1.3197,-2.1483,0.83771,
36.338,-45.584,43.178,-0.089294,-2.4304,0.40741,
37.962,-47.429,44.392,-0.26672,-2.0507,0.10223,
41.21,-48.917,45.925,-0.3537,-1.7948,0.00076294,
51.867,-47.25,49.693,-0.56592,-1.4425,0.21133,
34.257,-33.742,39.346,-1.4403,-2.09,1.0086,
39.89,-48.203,46.564,-0.42328,-1.8912,0.067139,
53.948,-48.976,45.095,0.048706,-0.78552,0.32959,
49.685,-50.166,46.947,-0.30847,-1.3866,0.052643,
33.292,-43.144,39.857,-0.58679,-2.2661,0.37842,
34.206,-45.525,37.366,-0.19598,-2.3435,0.38681,
44.458,-50.345,46.372,-0.30267,-1.6901,0.022125,
35.323,-45.763,37.813,-0.16467,-2.1054,0.25482,
41.666,-48.619,46.436,-0.34674,-1.8424,0.027466,
51.613,-50.166,46.372,-0.33167,-1.2533,0.0030518,
36.541,-47.488,43.817,-0.51837,-1.965,0.091553,
33.597,-41.359,39.346,-0.85004,-1.9281,0.46158,
35.221,-43.323,45.733,-0.23773,-2.6815,0.45242,
35.932,-46.239,44.456,-0.4743,-2.1185,0.22354,
33.191,-42.014,42.092,-0.56244,-2.6541,0.52643,
34.054,-45.584,37.238,-0.2041,-2.3018,0.37384,
45.067,-50.999,43.753,0.032471,-1.577,0.0045776,
34.51,-44.989,41.198,-0.48474,-2.1031,0.177,
61.358,-45.882,36.344,-0.64362,-0.29041,0.32806,
36.997,-46.596,43.562,-0.057983,-2.2971,0.30594,
35.526,-44.275,41.709,-0.21918,-2.4613,0.42496,
34.003,-43.977,37.621,-0.49518,-2.1066,0.28152,
32.937,-36.301,38.324,-1.2211,-2.3554,0.74921,
38.012,-49.155,40.368,-0.012756,-1.9281,0.1358,
35.83,-45.168,40.56,-0.2099,-2.2471,0.25711,
33.292,-41.954,39.218,-0.74103,-2.4458,0.52567,
35.272,-46.06,38.196,-0.26093,-2.0602,0.24414,
38.368,-47.548,43.945,0.11945,-2.1685,0.31357,
33.648,-36.896,38.643,-1.0773,-1.9686,0.66757,
34.206,-43.501,43.306,-0.54156,-2.3923,0.33798,
34.257,-41.835,38.643,-0.78973,-1.7972,0.34561,
41.666,-48.798,47.777,-0.12177,-1.9828,0.087738,
36.439,-47.964,42.029,-0.081177,-2.1281,0.19836,
40.55,-48.5,47.202,-0.028992,-2.0602,0.22888,
32.937,-37.967,39.538,-0.9718,-2.2137,0.56305,
36.338,-46.06,42.156,-0.026672,-2.3732,0.40436,
36.642,-46.179,42.923,-0.46967,-1.984,0.15488,
36.388,-45.763,42.603,-0.24817,-2.2221,0.24872,
41.768,-47.905,47.202,-0.075378,-1.9483,0.23727,
41.616,-49.571,44.775,0.10205,-1.8745,0.16174,
35.373,-45.763,40.176,-0.30731,-2.0983,0.15488,
34.663,-43.204,45.478,-0.4198,-2.616,0.49133,
35.17,-45.227,43.178,-0.64246,-2.015,0.18845,
34.003,-42.49,40.112,-0.73871,-2.0519,0.35782,
38.977,-49.036,43.817,-0.37225,-1.8722,0.054932,
35.221,-45.882,37.941,-0.26672,-2.0543,0.28229,
33.597,-43.025,38.068,-0.67841,-2.0281,0.36545,
34.51,-45.525,38.707,-0.21454,-2.4482,0.50278,
39.636,-47.012,47.713,-0.46619,-2.0424,0.177,
36.033,-45.346,45.478,-0.44415,-2.2554,0.22049,
58.82,-47.548,40.368,-0.54041,-0.61295,0.27008,
37.251,-46.239,42.412,-0.55084,-1.8662,0.1297,
41.666,-49.928,45.286,-0.20758,-1.8579,-0.035095,
33.546,-39.157,38.516,-0.78973,-2.5625,0.56915,
33.952,-42.43,39.538,-0.60651,-2.5137,0.52414,
35.424,-43.977,46.18,-0.50214,-2.3935,0.30594,
40.093,-49.274,45.286,-0.012756,-1.9793,0.076294,
35.627,-45.108,40.751,-0.21454,-2.2899,0.23422,
49.583,-50.88,44.711,0.26324,-1.2342,0.090027,
33.546,-41.716,37.749,-0.68073,-2.0709,0.36163,
38.723,-48.024,46.117,-0.46619,-1.9483,0.061035,
35.779,-45.406,43.178,-0.15076,-2.4922,0.43411,
43.646,-48.679,47.905,-0.44647,-1.7567,0.1091,
34.307,-38.681,46.436,-0.82452,-2.7434,0.62485,
39.586,-46.536,47.394,-0.11017,-2.184,0.26474,
35.373,-45.584,43.37,-0.59491,-1.9888,0.17166,
41.565,-49.155,44.903,0.26788,-1.8841,0.29297,
34.714,-45.108,38.388,-0.52765,-1.9471,0.26398,
37.353,-45.584,45.286,-0.51373,-2.0852,0.16937,
34.46,-44.632,41.071,-0.40356,-2.3411,0.30899,
34.206,-41.835,44.392,-0.80249,-2.2256,0.42191,
34.409,-44.096,37.749,-0.57751,-1.9293,0.29907,
37.962,-49.512,40.112,0.11945,-1.9805,0.24414,
43.798,-50.226,45.733,0.016235,-1.7948,-0.021362,
39.129,-46.953,46.372,-0.36298,-2.0566,0.076294,
40.448,-48.857,43.114,0.20874,-2.034,0.2182,
46.437,-48.441,49.949,-0.23309,-1.7436,0.079346,
34.612,-42.847,43.945,-0.57404,-2.4161,0.34943,
35.272,-46.477,40.751,-0.40125,-2.0685,0.2327,
32.633,-39.336,38.899,-0.99847,-2.2102,0.59128,
40.093,-48.917,43.114,-0.20294,-1.7996,0.081635,
33.445,-41.716,43.625,-0.79785,-2.1078,0.42877,
38.672,-49.988,39.793,0.15308,-1.871,0.20218,
34.003,-41.24,40.623,-0.6842,-2.5339,0.5455,
38.266,-46.417,47.522,-0.40588,-2.1626,0.19379,
33.495,-38.503,41.773,-1.053,-2.2828,0.67978,
35.373,-44.81,39.857,-0.18903,-2.3732,0.38223,
41.26,-46.715,48.927,-0.3537,-2.0697,0.15717,
38.012,-45.644,47.841,-0.51025,-2.1507,0.15411,
36.947,-46.655,44.136,-0.03595,-2.4066,0.30365,
41.413,-49.988,43.434,0.37457,-1.9019,0.35172,
38.215,-47.131,44.839,-0.11945,-2.2018,0.17242,
38.266,-48.5,42.412,0.03595,-2.0757,0.24414,
42.732,-50.642,45.797,-0.27368,-1.721,-0.025177,
33.597,-42.728,40.879,-0.49402,-2.5291,0.42572,
33.749,-42.906,42.092,-0.46387,-2.6172,0.45242,
35.627,-45.049,41.39,-0.39429,-2.1733,0.23117,
35.576,-45.406,40.496,-0.22729,-2.2542,0.31662,
41.21,-46.239,49.693,-0.54968,-2.0447,0.18616,
36.439,-46.536,43.562,0.11133,-2.3673,0.52185,
36.084,-30.112,40.304,-1.7163,-2.0233,1.1963,
33.292,-39.871,39.282,-0.73175,-2.3935,0.41809,
38.621,-48.024,45.797,0.045227,-2.115,0.26169,
40.804,-49.512,45.095,0.19135,-1.896,0.22964,
48.416,-51.178,44.647,-0.24121,-1.3818,-0.049591,
34.104,-44.215,37.877,-0.46271,-2.2649,0.44708,
33.292,-42.311,38.068,-0.70508,-2.1828,0.42648,
33.495,-35.944,39.729,-1.1156,-2.591,0.74234,
38.165,-47.845,44.136,-0.21338,-2.0709,0.19531,
34.866,-43.144,45.797,-0.74799,-2.1197,0.32272,
36.896,-48.857,42.348,-0.051025,-2.0828,0.11673,
39.687,-50.226,39.729,-0.36877,-1.6103,-0.0022888,
35.576,-47.607,38.963,-0.32123,-2.0067,0.14801,
33.8,-45.346,37.302,-0.48242,-2.0471,0.23727,
38.215,-49.274,41.518,0.1554,-2.0281,0.24643,
38.317,-48.024,43.753,-0.23541,-1.9614,0.045776,
34.206,-44.215,38.005,-0.48938,-2.0959,0.28458,
33.597,-36.955,38.388,-1.1492,-1.8591,0.72937,
35.576,-46.12,41.198,-0.36761,-2.0174,0.15564,
33.191,-37.015,39.218,-1.0889,-1.9888,0.68359,
40.905,-48.798,45.542,0.1554,-1.9864,0.27161,

